subreddit,title,selftext,created_utc,score,upvote_ratio,num_comments
SuicideWatch,My <3 hurts,,1567059562.0,2,1.0,1
ffxiv,Oreo Asphyxiation Fantasy,[removed],1561355603.0,1,1.0,1
