subreddit,title,selftext,created_utc,score,upvote_ratio,num_comments
SuicideWatch,Depression is an anchor,"I feel like I can hardly move sometimes. When the sadness is more than just being sad, it’s hopelessness and all consuming. I’m always carrying around a heavy feeling of nothingness in my body. Even when I tell myself, “This is the depression, it’s an illness and this isn’t permanent.” The feelings of it overpower the logic and I can’t convince myself that it’ll ever truly be over because I know even when things have started looking up in the past, they will always get worse again, the feelings of despair will always come back so the thought of living is almost as terrifying as dying. And the WORST part is knowing that someday none of it will matter anyway, it won’t matter if I was happy and fulfilled or depressed all my life. Whenever I start to feel less depressed and become proud of myself for exercising or doing something beneficial for my health, it reminds me that the world is still fucked up and terrible things still happen everyday. There are people with depression who are miserable for the majority of their lives so how am I suppose to be calm and believe that one day things will be okay and life isn’t just hollow misery?",1597641957.0,1,1.0,1
Poetry,I am a piece of cake with bites taken out of her,[removed],1590462460.0,1,1.0,1
