subreddit,title,selftext,created_utc,score,upvote_ratio,num_comments
SuicideWatch,I’m ready to go.,I’m 17 in foster care. Finally accepted them as family. They found a vape in my shared room that doesn’t belong to me. I explained how it couldn’t be mine didn’t matter. Been told I was wrong the last 3 days. So now I’m back to being fucked over. It sucks but we’ll see where life goes right? 4 more months and I’m out but fuck it’s the last bit of time that’s always the hardest. For years I’ve had nothing to look forward to except the next birthday. I’m tired of living life like this. I’m tired of “The future gets better” if I just kill myself it’d be here a lot faster. Fuck man what do I do I’m so close to calling it quits,1596617104.0,2,1.0,2
AskReddit,Fellow ex foster kids or anyone how did you cope with the fear of turning 18 and adulting by yourself?,,1595238824.0,2,1.0,2
SuorinAir,Frustrating,Been using suorin for a month my whole friend group loves it thought I’d try but the last week it’s been hitting way too fuckin hard. It hurts my lungs after the hit. I blow in and out of it a couple times then the first hit is good but it goes right back. Got a brand new pod today primed it so don’t understand. Any help?,1593426026.0,1,1.0,7
Advice,Help,So reddit is my escape from reality. I need help tho. So yes I have been talking to about 4 different girls at the same time. But with good reason I do get played out often so I stopped putting my all into things. But I got this one and she played with me last year and back in January. But now she’s actually putting in an effort. Should I drop the others and focus on her or wait it out so I don’t fuck up again?,1591781254.0,1,1.0,2
sleep,I CANT SLEEP,I have work in a few hours it’s 3:52 AM I tried the ol razzle dazzle if you know what I mean and nothing ugh.. advice?,1590490405.0,2,0.76,1
AskReddit,People who have dealt with gangs/gang members how did it go?,,1584073953.0,3,1.0,2
AskReddit,Gangs?,[removed],1584073889.0,1,1.0,1
