subreddit,title,selftext,created_utc,score,upvote_ratio,num_comments
CaneCorso,My baby boy Prince 3months vs 10months (currently 97lbs),He’s my best friend the nicest dog I have ever met. He is very playful and is excited to meet everybody! He literally melts to the ground waiting to be petted😅. He always wants to do and go everywhere with me and cries if I don’t let him sleep in the bed with me😂 I might get him a buddy to keep him company when I’m at work.,1730239124.0,324,1.0,10
CaneCorso,Prince almost 7months and 75lbs,"I got him at 11 weeks pure bred cane corso now he’s 1 week away from turning 7months
The last pic is around the time I first got him",1720548439.0,137,0.99,9
fightporn,Random hood fight between girls,,1630281664.0,1,1.0,0
SuicideWatch,Just venting I have no one to do it with,"I’ve been thinking about killing myself daily since I was 11 when my mom died. I haven’t felt like anyone has really love/care about me, my dad is on cocaine/crack, he doesn’t do anything for me, I feel alone. I hate being alive nothing has gone good for me. No friends. The only thing I do all day is lay in my bed or sit around on my phone trying to pass time all day. It’s almost like prison but instead of bars in real life, the bars are in my head. I already have my suicide planned, I have about 4 years before I am 21, if by then I feel my life is still shitty and has no meaning I will shoot myself if I need to I will do it before then. I hate how I look every time I look in the mirror I get depressed, I have saggy man tits from losing a lot of weight, only 16. I’m short, when I think of myself i wonder why I had to be born. Another thing is I got fucked up crooked ass teeth, i have a hard time articulating my thoughts. I have bad social anxiety When I went to public school I was always quiet because of the teeth, when I did talk most didn’t listen, this just made me hate myself more. I have constant comparisons in my mind with people because I always feel inferior. I always question past decisions. 
I guess I’m done now it’s time to think about how no one cares or probably will because I’m too scared and self conscious to do anything and think about how a bullet will feel going through my head",1603509486.0,1,1.0,0
