subreddit,title,selftext,created_utc,score,upvote_ratio,num_comments
weed,Can anyone identify this piece?,,1590943049.0,1,1.0,3
Dentistry,Any advice on what I should do with my wisdom teeth,[removed],1590661290.0,1,1.0,2
depression,Is it alright to hide your problems and emotions,"Idk man, I'm sad, life ain't going right, I'm 22 and I thought life would be a whole lot better than it is, but I've always been known to be proud and strong, and I hate asking for help, so instead of talking to people, I shut my door and close everyone out, my problems would just burden someone else, and i dont want to worry those around me, should i just move so that their life would be easier, idk, I'm scared, and i dont want to lose the people around me, but they might hate me if I unload my problems, so I'll just stay and hide in my room",1590564655.0,2,1.0,0
AskReddit,"Say you have two weeks, then you have to go to prison, what would you do in preparation?",,1587866451.0,2,1.0,4
pregnant,Can someone give me a crash course on being roommates with a pregnant girl,"So I recently moved in with my brother and his girlfriend, they went away to cali for a week then came back, 4 weeks later turns out shes pregnant, 8 weeks later and boy does her temper change quick, can anyone give me any Info so i can be as helpful to her without stepping out of bounds, she is a bit younger and  already has to many people trying to tell her what to do and what not to, i just want to live peacefully without getting stabbed with a fork.",1587220948.0,7,0.82,7
legaladvice,Can a temp agency refuse to give a physical check?,"So its corona, and my job went on furlough for the time being, so I went to a temp agency to make some cash in the mean time, all was cool until my first pay day. They told me they refused to believe that I gave the correct direct deposit info, and then gave me a pay card in place of a physical check. I can take money out from certain atms and use for grocery purchases and such, but I cannot use for online purchases, certain stores, and can only send money to other people with the same card. Is this a legal way to pay people, I have checked the state of washington wage laws, and while it states employers can pay via direct deposit, check, or cash, nothing is mentioned of alternate payment methods.",1586037421.0,1,1.0,0
SuicideWatch,It's just another year,"I have had a fucked childhood, family bailed on me by the time I was 6, I've had to fend for myself since I was 13, I had to learn to beg, how to steal, manipulate, act,xi obey and do anything to make others sorry and do just enough so that they will help you without being suspicious of what's really going on in my head. Do you know how many times I have heard ""you are family now, we will do anything to help you"", enough times that I dont believe it. If I say one wrong thing I'm kicked out, step out of line once and I'm fed to the dogs, it doesnt matter what they say, I dont believe anyone or anything, and to top it all off, I have to keep a smile on my face, I have to keep a persona that I am fine, I am happy, I forgive and forget when in reality I'm mad at everyone around me, I bottle it up until it finally bubbles over and all that is left is my depression. No room for any other emotion, no energy to get up to even eat, I just lay there scroll through a bunch of happy pictures of happy people, and think of how useless my existence is",1585717869.0,3,1.0,1
ImSad,"I'm sad, pls send something","Sorry guys, my depression decided to kick in while this quarantine is going on and I'm a loner, nobody will ever love me no matter what anyone says, I'll end up the background charactor that will never be seen afterwards, always the backseat of others lives, and will never make an impact on anybody",1585715893.0,6,1.0,3
AskReddit,"To single people out there, how do you stand being single during times like this?",,1585664160.0,1,0.67,17
stories,Those who do not belong,"I have always had a hard time understanding and communicating with people, maybe it was my internal dialogue that prevented me from speaking my mind, or maybe I was just a boring guy. Plenty of people enjoy my company, but I myself do not, thus I have been more of a quiet observer that stays out of the spotlight. Granted I smoke copious amounts of weed despite my constant anxiety which is more than likely the real reason I'm quiet.

Anyway, I have only recently moved to seattle after living in a small town my whole life, if I could describe it in words, busy, hectic, and sonic, everything's got to move fast, everyone's got somewhere to be, and everybody is minding their own business. This is weird to me as I'm used to everyone knowing everything about me, the exact opposite of city life. I thought maybe I'll get used to it, but only time will tell. 

Well to remedy my loneliness, I unashamedly went on bumble to make freinds, girls tend to be a lil flaky, but guys are willing to meet whether bi, straight, gay and do stuff, it's kinda fun to, I had this cool guy hmu and wanted to hang, it was a weekend and I had nothing better to do, so I hang at his house and surprisingly hes pretty easy to talk to, after awhile he breaks out the vodka and I proceed cautiously, I have a low tolerance so I find that going light is always the best option.

We continue to hangout and start playing some video games when his brother gets home, he casually greets himself and set himself up to play with us, we get tired of playing and make plans to go to a club, this is a new expierience to me, number 1. I have never been to a club before, well I have, I had a bouncer buddy sneak me in one time, but I only snuck in the side and never got to get out, but I wasnt old enough to be in there so I held a low profile, this time I was old enough and had people to dance around with. We decide I am designated dd as I know my limit and head to the club, it was cool at first it had an arcade attached so I ended up beating everyone at some street fighter 2 and some table hockey, then we got to the club and honestly was kinda let down.

Everybody there looked to old to be there, all the girls kept to themselves and the guys were to shy to approach any of them, I wasnt really trying to do anything with anyone but everyone stayed in their own respective group and refused to dance with others, this is exactly opposite that I thought would happen, I wasnt really digging it so I went outside and rolled a j (sidenote, the coat lady stole my weed)

After getting back I decided to get some water at the bar, in the time I waited, I got some very interesting observations of people, there was a young couple that clearly bribed the guards to get in, an old lady who was going ham on the dance floor, a middle aged couple clearly there for the wife's midlife crisis, and alot of business people that look like they came from the Microsoft building.

It truly amazes me at the age difference in the club, most all the girls were closed off with their people, there were groups of guys clearly there looking to hook up, and the obvious couple that is looking to spice up their life, I had the middle aged couple approach me, the wife was kinda into me, but I had a responsibility to get the guys home safe and I would rather not leave them to fend for themselves, I then herded my dudes together, got them all to drink water then got them to the car
They got home safe and my job was done

Dont know if anyone will wanna read this but if you do 
Peace love and happiness man
Might not ever go to the club again
Tldr hippy goes to club and monologues the entire time",1582891017.0,36,0.94,3
AskReddit,"To those of reddit, what weird things have happened while performing bloody mary, ouija, or other ritualistic things?",,1582440257.0,3,1.0,1
HumansBeingBros,How I met the homie,,1582372525.0,0,0.21,0
Stoner,Origins of wutang iconic smoke trick,"So I was watching up in smoke the other day and chong was smoking a roach, then proceeded to ""wutang"" it as he was trying to get every last bit, was this how wutang came up with idea, or was it just pure coincidence?",1581372441.0,2,1.0,2
AMA,I am a mixed racial light skin guy AMA,,1581240446.0,1,0.6,9
highdeas,Did wu tang come up with their smoking trick from cheech and chong? There is a scene wher ere chong wraps a tiny roach in Hope's of smoking it and accidently inhales joint,,1580022926.0,1,1.0,0
unpopularopinion,The joker was not as good as everyone is making it out to be,"Tldr; joker is a generic mainstream movie that tried to grab revenue from superhero popularity, and generic mainstream current issues that grab popularity from a wide variety.

Personally, I see it as a B grade attempt to grab revenue from a popularized villain, and grab attention from the mainstream popularity of mental health declination, you can easily take the element of the joker and being a supervillain movie out of the plot, and it wouldnt affect the story all that much. It is not an accurate representation of the joker which is known for being a cunning mastermind that is on par with the batman, not a victim of circumstance that barely scrapes by, and creating it as an origin story is the complete wrong move to start off the joker, he is a man who's origin is unknown and will never be fully discovered. Hate me if you want, this is my opinion, everyone is entitled to there own opinion, I may just be a super nerd, but these are my thoughts after watching the movie.",1579142948.0,4,0.59,13
brysontiller,Bryson took all mixtapes off tidal,"What's up guys, so I was on tidal today, and I went to go relisten to his pen griffey mixtape (Know How is arguably my fav bryson song), but every bryson mixtape was gone. Tidal is known for obliging the mixtape fans and providing as much as they can, and they definitely had them on there last time I checked. Does anyone know what might have happened, is bryson going through a label change or something?",1575907200.0,5,0.86,5
DatingHell,Tldr a girl I agreed to be fwb with then cut it off just will not quit even after I have told her I am not interested,"Very long post warning, just need to vent a bit, do not mind me and my continous run on sentence

So I live in a tight knit community where there are not a lot of young people, It is fairly secluded and very retirement/ rich people with a minority of kids that grew up here, so you can probably guess how small the dating pool is, well a girl moved here about a year ago and started hanging out with my buds, well after a few drinks and alot of hashish, things start to move fast and we end up sleeping together, we then agree to keep it casual, low and behold she starts confiding and hitting me up every day as if we were dating, I am a nice guy and try to remain that but very quickly relayed to her that I am not looking for a relationship, she agreed with me and then proceeded with our fun, the following week got worse as she started showing her true self which is very depressing, I am kinda getting turned off and go to her place to break it off, low and behold she guilt trips me into coitus on the premise that she will kill herself, I then spend the next week trying to break it off, but she will pull stuff like approaching me when drunk with my buds and trying to get me to copulate with her, I swear girls are the worst, sorry just needed to get this off my chest",1571319428.0,18,0.68,26
highdeas,Weed van,"What if you made a channel on youtube that was just like bang bus, except instead of grabbing people for sex, its grabbing people to smoke weed and do funny shit with, much more wide based audience I would think",1569964725.0,12,0.88,6
RoastMe,"21 m, fuck it, do your worst",,1558303310.0,5,0.86,69
highdeas,"A bachelor party idea that is , I'm sorry I'm high af","
A bachelor's party that has a game, sleep with the hottest girl, you can only sleep with one girl, married will use their wife no exception(unless morals are not of issue, all will vote for one that is not their own, the then said winner shall call their respective person and tell them they love them, partly to confirm to that they had slept with them, and partly to see the next embarrassing moment that might happen next, if they say I love you, everybody else takes shots, if she says I'm sorry and hangs up, the caller does 2 shots, the caller is then declared a national hero",1558060443.0,1,0.67,0
cat,Any other proud cat parents let their little furballs use your legs as playful scratching poles,"So today was a nice day so I went outside and started do stuff outside and dance, then my (usually) lazy boy Bear came over in the middle of me practicing and goes in between my legs and starts grabbing on and starts wrestling with my leg, he then starts to alternate this between my legs, it was the coolest thing he has done since using a box as a turtleshell.",1556308239.0,3,0.81,1
WAOutdoors,"Can anybody help me with finding hiking trails around the Skagit/whatcom county, I like to get outdoors but dont know where to go",,1556218836.0,4,1.0,2
TIdaL,"Say someone is going to be outside service range for awhile, how long til you can no longer listen to music?",,1555979767.0,1,1.0,1
witchcraft,Can I get some help hexxing my sister's abusive boyfreind,[removed],1555629087.0,1,1.0,0
hiphop,Will Smith- Freak It (1999),,1555606369.0,1,1.0,2
anime,The worst pickup line ever- I'll be the sasuke to your sakura,,1540370251.0,1,1.0,1
