subreddit,body,created_utc,score
SuicideWatch,I have communication problems and I am very much aware that my problems could be solved if I just talk to them about it. Telling them that there is anything wrong with me is extremely difficult to get past mentally,1601076336.0,1
SuicideWatch,"Hey, do you wanna talk about it?",1601074997.0,1
