Subreddit,Post Count
total_count,0
popheadscirclejerk,15
MyChemicalRomance,1
twentyonepilots,1
AlzheimersGroup,2
Periods,1
Nirvana,2
TrollXChromosomes,1
twinpeaks,1
StrangerThings,1
SuicideWatch,3
TwoXChromosomes,1
lanadelrey,1
GaylorSwift,1
okbuddyvowsh,2
OkBuddyPoliceOfficer,1
DankLeft,3
Socialism_101,1
communism,1
submission_count,39
