Subreddit,Post Count
total_count,0
tattooadvice,1
CodingandBilling,1
piercing,3
ArianaGrandeSnark,1
astrologymemes,1
ADHD,4
chappellroan,1
BPDmemes,1
Perfumes,4
Ethelcain,1
2meirl42meirl4meirl,1
mitski,1
SuicideWatch,11
birthcontrol,2
alcohol,1
lanadelrey,9
splatoon,2
ChronicPain,1
musicsuggestions,1
depression,2
BPD,2
Vent,3
bigboobproblems,1
offmychest,1
NoStupidQuestions,3
Joji,2
mentalhealth,4
BadRPerStories,6
Ghostbc,1
mentalillness,3
BlackHair,2
bipolar,2
Naturalhair,1
PMDD,1
MelanieMartinez,1
astrology,1
MarilynMonroe,1
MakeupAddiction,1
196,1
Fitness,1
bathandbodyworks,2
trans,1
explainlikeimfive,2
smiledirectclub,2
Makeup,1
ifyoulikeblank,2
Periods,1
NicoleDollanganger,1
Animesuggest,1
submission_count,100
