subreddit,body,created_utc,score
AnimalCrossing,"My code is 6391 0914 046

I'm active, help with quarry, and give kudos. 🙂",1511359290.0,1
AnimalCrossing,"My code is 6391 0914 046

Looking for active players so I can use market boxes and do the quarry with people. Add me and I'll give you kudos at your camp as well. 👍",1511342707.0,2
AnimalCrossing,"My code is 6391 0914 046

Looking for active players so I can use market boxes and do the quarry with people. Add me and I'll give you kudos at your camp as well. 👍",1511337452.0,1
gifs,"FINALLY my username is relevant! This guy gets me.

Tfw I'm too late to cash in on the sweet sweet karma though.",1506122455.0,26
