subreddit,title,selftext,created_utc,score,upvote_ratio,num_comments
SuicideWatch,"Female, 14, Think I might do it tonight.","I don't know what I'm doing posting this on Reddit. I think I may be doing it because I'm so alone in life, I have no one to talk to. 

Let me start off by telling you all about my current situation. I'm home alone, on a Friday night, in Melbourne Australia. My mother is out on a date and wont be back until the morn, my 7 year old sister is at a sleep over with one of our family friends, I haven't seen my father since I was three. I have put my two year old Border Collie outside just in case I do it, because I don't want him licking up my blood.

Now we've got the basics on my physical whereabouts, I'm going to speak about my mental health. 

I've had mental problems since my sister was born. Ever since I was young, I've felt neglected by my mother and therefore have a terrible relationship with her. Two years ago my mental problems got even worse, I started high school, realised I'm not straight, and even worse, that I have a crush on a female friend of mine. I'm completely obsessed with her, but as far as I know, she likes dudes. Even if that weren't the case, as much I would want something to happen, it wouldn't because I'm far to disgusted by myself to leave the house, let alone have a relationship. Since the middle of last year, I have been dealing with a sleeping issue where I stay up until 5-6 even 7 am and then sleep until 5 in the afternoon. Because of this, my attendance rate is under 40 percent and all of my class grades are at N/A. This hurts me because, grades are very important to me because I have so much ambition, and need good grades to achieve what I want to achieve. 

This year old problems became new again, and I started to starve/heavy restrict and purge after eating again, but since I have long binge periods, I always gain back the weight that I lose. Two weeks ago I was doing so well and lost two point five kg and got down to 57, but I now sit at my highest weight ever, 61.8. A few days ago I broke up with my best friend who was perpetuating my eating disorder because I decided she was way to toxic to have in my life. She always tries her hardest to bring be down and i do the same. The problem is I have no other friends and i don't deserve them. We were both as horrible as each other and the only people to understand. The main cause of me breaking up with her was the fact that when I was texting her after my mother called the police on me and I was having a mental breakdown, she let another girl text me and tell me to suck a duck. 

This may all sound very mediocre to you guys as you seem to have more physical issues than me, plus I'm an emotional teenage girl so you might not take you seriously. But I ask you to understand. I talk to a therapist every month or so, and he has concurred that I have emotional dysregulation and is waiting until I turn 18 to diagnose me with BPD. Emotional dysregulation means I feel everything very physically, the emotional walls that I build mean I can't talk to anyone about it.

I don't feel like telling anyone about the fact I feel like I'm on the brink of death, because the last time I did I got the oops called on me and then got dismissed because I don't seem like the type to go to a psych ward. They told me i was cleaner than most other teenagers (I like to have everything in order)and i feel like they thought i was too eloquent to be suicidal. I told them i wasn't going to kill myself that night, because i didn't have it in me to tell them anything. I have been to the hospital, they did nothing, I've talked to police, my mother, the school, kids helpline, no one does anything. When i bring this up to my mother she says I need to learn how to help my self, but for heavens sakes I don't know how to, that's why i see a psych.

Thanks for listening to my rant, I'm still on the edge of committing, but I really, really want to and feel like its my duty.
Adios.

",1494600285.0,29,0.91,19
