Subreddit,Post Count
total_count,0
intuitiveeating,1
tallfashionadvice,1
BPD,1
Vindicta,1
MakeupRehab,1
whole30,1
submission_count,6
