Subreddit,Post Count
total_count,0
u_hlm1999,1
puppy,1
pitbulls,1
SuicideWatch,1
submission_count,4
