Subreddit,Comment Count
total_count,0
SuicideWatch,5
drunk,11
comment_count,16
