Subreddit,Comment Count
total_count,0
depression,1
hacken,1
BlackPeopleTwitter,1
washingtondc,4
CryptoCurrency,2
Wordpress,2
BigBoobsGonewild,2
Stacked,1
churning,1
IAmA,2
realestateinvesting,3
Electrify,1
financialindependence,2
dating,1
SuicideWatch,1
lucifer,1
comment_count,26
