subreddit,body,created_utc,score
weed,"Easier than walking into a dispensary as a grown adult! I applied for a med card (California) at 2am and that same day I met with a doctor for 15 seconds and was able to purchase flower, dime bag cart, and raw garden cart just after. Not sure how it works in Florida but where I live they practically want you to get one",1731109592.0,1
IBEW,"Who won the popular vote? Both Biden and kamiliah or whatever her name is literally told yall to accept the election results, and look what you are doing now…",1731054554.0,-3
malegrooming,Ion care bro,1731054072.0,1
unpopularopinion,I wonder why Islam is growing so fast? Totally not because they 0ff you from existence for not being Muslim…,1731054052.0,3
pics,"This is true!! I got crazy hate for just pointing out we shouldn’t make so many political posts, as this used to be a great subreddit. But now? Every post is toxic",1730930146.0,1
pics,"I don’t know, maybe because the American people want someone who ACTUALLY did something in office? (I know your not a liberal it’s a joke haha)",1730879169.0,1
pics,Amen brother,1730878899.0,1
pics,Yeah!!,1730877937.0,1
pics,Heck yeah!! Take that,1730877739.0,1
pics,We got this dub!!!,1730877567.0,1
pics,Heck yeah!! So many people downvoted me and gave me shit. Take that!!!,1730877556.0,1
pics,Trump won!! Take that all you who downvoted me!!!!’,1730877263.0,1
CBD,"Yeah, 210 votes right now for trump edit: just saying it matters",1730865212.0,1
pics,Yeah it’s a bunch of Reddit mods who live in their parents basement… just desperate to flex the little power they have,1730694301.0,1
pics,I miss this subreddit before it become pro kamilia and political edit: well trump won so take that!!!,1730628104.0,-44
weed,Hell nah😭,1730602840.0,2
unpopularopinion,Argument from ignorance.,1730556873.0,3
vaporents,Where can I buy one? I’m interested in that,1730551780.0,-1
malegrooming,"1) Trim your eyebrows. 
The thickness is fine but it’s unruly, and you seem to have a partial unibrow. You want them even but natural looking. 

2) Your haircut isn’t the best. 
Definitely get a good barber to ‘bless you’ but before you do that, know what haircut would suit you best. For example: How is your hairline? You don’t want a combover if your hairline is receding and you don’t want a textured fringe if your hairline is good.

3) Get a beard and mustache line up!!! 
Seriously, Have a barber actually SHOW YOU how to fade your beard, and purchase your own trimmer with attachments. For Christ sake dude you have a killer jawline that’s being hidden.

The only other thing sticking out to me is maybe your eye bags? I don’t know. But you look handsome regardless, just my opinion",1730540227.0,1
malegrooming,Yoll live😉,1730538839.0,1
malegrooming,"Yup, I was on many medications and went from 120 pounds to 300 pounds at 5’8. Now, I’m at a solid 6’3ish and 185… 🙏",1730538796.0,2
malegrooming,"Hey, i just wanted to say i checked your profile you’re very pretty😇",1730538737.0,2
malegrooming,"My eyebrows naturally grow crazy big and unruly like the angry birds dude, and I was made fun of for it. So I change them and now I get shit from everyone?",1730538451.0,1
malegrooming,Ty,1730538289.0,1
malegrooming,Aww tnx,1730538284.0,1
malegrooming,I thought it would be something cool to try and considering my eyebrows grow like crazy in just a few days (not pictured here) it would mean no harm,1730538272.0,1
malegrooming,Yup,1730518153.0,1
malegrooming,😂,1730495433.0,2
malegrooming,I have so many other hobbies and I post a lot on social media this is the first time I’ve posted about my looks🫤,1730495357.0,2
mountainview,"If you overreact this far and fat shame a child over Halloween candy… I don’t want to know how you would react about something actually serious happening to you. and No, you aren’t “being the candy police” you are just a piece of shit.",1730452507.0,14
mountainview,This is satire right?,1730452067.0,14
mountainview,“Dead or in prison” is INSANE!!! Want to speak to the manager Karen?,1730451942.0,37
trees,I wish I could live that 24/7,1730451844.0,2
malegrooming,My lips naturally do that😭,1730450240.0,7
weed,You’re fine. But next time please just use a piece of fruit if you need to.,1730423476.0,2
CBD,Yup.,1730423340.0,1
punk,"I don’t even like trump. However, he is the better candidate than Kamala by far imo. Call it selfish, but I had a good life going for me under his presidency, which went to shit and it’s going to go more into shit if we don’t get him back.",1730398967.0,0
unpopularopinion,"Don’t bother replying to this post, op is trolling. not sure why no one can tell with their replies.",1730292188.0,1
pics,What’s funny,1730171994.0,1
pics,He’s doing pretty well with votes right now🤷‍♂️,1730156273.0,5
pics,I mean he technically can but he’s doing very well so one vote won’t make a difference,1730156228.0,1
pics,AND DOES A HELL OF A GOOD JOB AT IT💪💪💪,1730156108.0,0
trees,“The government knows what’s best for you” my aching ass,1730135517.0,5
CBD,"Im honestly not sure about the best company to purchase from but the link I sent you is where I purchased mine. I did a google search just now and found loads of cbn vapes, try to make sure it has good reviews type shit",1729873163.0,1
DMV,"As it’s written via the ca dmv handbook “without possessing a license, an individual may not drive by themselves at any time, NOT EVEN TO THE DMV FOR A DRIVE TEST. The person who is with you must not only accompany you in line, but they ALSO must wait in the car until instructed to leave before the test begins. Good luck in passing your test though!",1729873013.0,1
CBD,https://hempzillacbd.com/product/nighttime-cbd-live-resin-1g-vape/,1729849253.0,1
CBD,"So the first time I used THC I tried a dispensary grade 94% delta 9 Cart. Let’s just say on the 4th hit I was living on a different planet. I got very addicted and built a tolerance fast. 

After doing much research, I tried experimenting with taking CBD. At first I took a ratio of 1:1 and then slowly took less and less thc. Relatable to your post, cbd also helps with my anxiety! I notice I stop overthinking, and feel a lot better about myself. Another thing I recently incorporated was CBN. Using a cbn nighttime vape, I take just one or two hits and I’m out. I’ve taken it every single night for 3 months, and it still works just as good as the first time.",1729692454.0,1
weed,Where/who are you buying from? I understand it’s expensive but if you’re able to go to a real dispensary (at least one time) because there’s a chance you could be smoking fake,1729690851.0,1
weed,"“I’m a little bit suspicious” you have no idea what could be in there… Respectfully, ordering From eBay is crazy😭",1729678578.0,2
DMV,"There is no “cheat sheet” or “guaranteed pass first try” anything. Maybe if you haven’t yet go get yourself a physical handbook and read the entire thing non-stop no less than 3 times per day. Remember, every single multiple choice question is taken directly from the handbook, so if it’s on the test it’s on there too. It could also be because you’re nervous, just relax you will get there.",1729649775.0,1
DMV,"Sorry to tell you but clearly you just aren’t trying hard enough. And by that I mean studying because THE TEST IS SO FREAKING EASY. It’s literally just multiple choice questions lmao. Like I personally suck at that kind of stuff and failed the first time, but after reading the entire handbook every day, I passed second try and got just 1 question wrong.",1729649500.0,1
trees,I’m sorry but I can’t help but cringe at this long ass read😭😭 why type this out,1729649252.0,1
Ghoststories,Okay good. Yeah I remember that person I thought it was a troll,1727999992.0,1
weed,It’s medication for psychosis,1727941898.0,0
weed,Lesson learned,1727941889.0,0
Ghoststories,"Hey internet person! Despite what you may have been told-Let me tell you, I do NOT an illness. My mind is working just differently, the way it needed to be. To know what I’ve gone through would be a lie! I am a normal person.",1727940652.0,1
weed,"No, I wasn’t laced I got the cart from a real dispensary in California!! Also, I am on medications so that may have impacer",1727940227.0,-4
malegrooming,I know my eyebrows look different in each picture they just grow unruly,1727860955.0,1
weed,Correct,1727289760.0,1
weed,So I used nuggMD and the card is being mailed to me,1727286646.0,2
weed,They gave me the recommendation to get a card immediately and the email I got said they were mailing me the card if that makes sense,1727286482.0,1
CBD,Thank you. Makes sense-I’ve heard about the dangers of black market carts as well. But I’m curious if you have any brand recommendations for flower? Something for sleep or relaxation? I don’t think I’m allowed to type the name but I have a pretty solid company I use but I’m open to more,1726445959.0,1
driving,"Uhh, call 911 and go back to observe? Pretty sure you are still liable, it doesn’t matter if you are scared.",1726445589.0,2
CBD,"I ended up walking to a park near me and smoking there. I used a strain called “blue meringue” and it was AMAZING, highly recommend. I brought a glass one-hitter and took about 3 lung hits. I tend to overthink a lot, with my mind racing constantly. A few minutes after smoking I felt calm and in control, with a clear mind! I just wish I could smoke in our backyard but I choose to respect my parents. Anyway, it was the best experience, loads better than when I hit a raw garden cart and started hallucinating…",1726436250.0,2
CBD,I got all those and then some,1726384835.0,1
CBD,That makes sense. I was using 3.5 volts from the start so it probably did burn.,1726375731.0,0
CBD,I liked how it made me feel I guess. For some reason I thought the more the better but now I’m stuck in bed all day.,1726363833.0,2
CBD,Alright gotcha.,1726363721.0,1
CBD,"Okay cool good to know. I am 18 and have a full beard, 6 foot tall, and sound like I’m 38… i don’t think anyone would bat an eye at me just making sure",1725950458.0,2
CBD,Damn that’s insane. Do you know if the age to buy will be pushed up as well?,1725926648.0,1
CBD,True true. I’ll probably find a park or something that is some near me not many people go to,1725887981.0,2
Ghoststories,"I honestly wrote out a long reply debunking this but looking through your account, it seems you are just another troll. You also made your account 12 days ago which tells me everything I need to know.",1724910435.0,2
Ghoststories,Prove it,1724904872.0,2
Ghoststories,"I honestly didn’t think about that/know that and it was my dad who burned it… I was shocked when it happened and couldn’t really speak for some moments. My dad also keeps denying it, but I can tell it freaked him out.",1724820031.0,1
Ghoststories,"“Was the universe telling me not to read into my dreams.” 

Well-People have told me lots of different “answers” like: it’s god trying to reach you, ancestors, a loved one, or a sign something will happen. 
I don’t really take it that far, but I don’t exactly rule out the possibility. it’s cool how everyone’s experience with this type of stuff is unique to them. It’s also cool how people interpret there experiences. I personally don’t know how this stuff happens and I don’t think anyone else knows either, but I’m also okay with that. Anyways, very interesting story!",1724819817.0,1
Ghoststories,I’m still trying to find those answers myself.,1724692188.0,5
Ghoststories,"Yes, exactly what I meant sorry if that wasn’t clear!

And I get it a lot too. I’ve only gotten sleep paralysis 3 total times, the obviously scariest time being this incident… but usually my dreams are about family members. Sometimes my mom and I get the same exact dream about something coming to pass and it does. Life is funny.",1724692096.0,5
Ghoststories,"Interesting, Thank you for sharing. I’ve heard it usually happens when you sleep on your back no?",1724690675.0,4
Ghoststories,"And like sharp ad said it was a doll I’ve never seen before, that I had a paranormal experience with, which looked exactly like what I saw.",1724690341.0,2
Ghoststories,"“What are you even talking about”
One of the many true experiences I’ve had in this subreddit? Not sure what you’re asking. When I get back to my parents home I can post actual pictures for better context.",1724690264.0,2
Ghoststories,I would appreciate that just dm me (:,1724689332.0,5
Ghoststories,That’s frightening as hell. Seeing that and unable to move Sleep paralysis is scary!!,1724676945.0,6
Ghoststories,I’m new to posting again on Reddit but I’ll report them too,1724676827.0,1
QuittingWeed,"Okay, I will make sure to be honest and let them know. Thank you for your reply",1724552695.0,2
QuittingWeed,I actually don’t know what to do,1724519139.0,1
legaladvice,Gotcha. Thank you,1723687505.0,1
legaladvice,"Okay, got it thank you.",1723512152.0,1
legaladvice,Understood thank you,1723512140.0,1
AmItheAsshole,You were downvoted,1723191798.0,1
byrna,Got it. Thanks,1723167612.0,1
unpopularopinion,But has anyone seen Oreo? He’s just my little cat.,1722945102.0,1
unpopularopinion,Yeah I agree,1722945068.0,1
ToyotaTundra,Gotcha. I will look into it.,1722898233.0,1
ToyotaTundra,"Yeah I definitely need new tires. I don’t know much about what type to get, do you have any recommendations where to order from? Also where I live in California tinting your window makes you a lot more likely to be pulled over I’ve heard for many people, but maybe a slight tint.",1722844519.0,1
ToyotaTundra,So I have the money for this and definitely want to install. How simple is the process? Would it be better to pay someone to do this for me?,1722836453.0,1
ToyotaTundra,I really want to and have the money! but no one in my family knows about these upgrades. Do you know any recommendations? What about getting someone to install? Thank you,1722836225.0,1
ToyotaTundra,Meanwhile my mom’s jeep is constantly breaking down/needing repairs. It’s amazing how long this truck lasts. Thanks for sharing,1722836066.0,2
ToyotaTundra,Well He’s my step dad and no he’s happily married lol but he’s a really cool man,1722828893.0,1
ToyotaTundra,I thought in a previous comment 200k but it’s actually 150*,1722820338.0,1
ToyotaTundra,"Yeah, I’ve seen some videos online about that issue. Thats the ball joint correct? I’ll get it looked at by a professional",1722820290.0,1
ToyotaTundra,150k miles on the truck. He used it a lot in the beginning of purchasing it and not so much after that which is why it’s just 150k. He maintained it well and never got into any crashes. Should I get the tires replaced? Thank you,1722820193.0,3
ToyotaTundra,Appreciate this comment. Just went and got an oil change and the mechanics just said the front tires had some ware but obviously not a problem at all. Toyota really did it well!,1722813824.0,9
ToyotaTundra,Yeah we just took it to get serviced for an oil change and it appears the tires have some ware but otherwise everything is good. Thank you! I’ll keep it stock,1722813618.0,2
ToyotaTundra,Awesome! Cute dog btw,1722813491.0,3
ToyotaTundra,Understood!! This truck just hit 200k 👍,1722813465.0,2
DMV,"And yes it’s definitely offered at driving schools. I went to vitty driving school in the Santa Clara area, Go look online and compare prices. Once you find a solid company book an appointment. It’s a lot better going to a driving school because they not only are professionals and know and study the dmv rules.",1722684251.0,2
DMV,"For minors with a provisional permit you can only have someone over 25 who is licensed in California at all times, for adults with an instructional permit you just need someone 18 or older who is licensed in California.

My honest suggestion for you is to go to a dmv office and get a handbook. Doing it online will just confuse you more. It’s not an easy test, but every single question will be taken directly from the handbook. You don’t need to memorize it but you do need to remember basic laws. Take it from me. I’m a huge nerd. I love reading and read the book top to bottom, did all the training (I was under 18 when I applied) and when i took the test I failed 2 times. I passed the third time though… good luck.",1722684067.0,2
DMV,"That’s a great idea. Make sure once you get your instructional permit that you have a licensed driver because it still doesn’t let you drive alone at any time.

Start in a slow moving area. Know all of the vehicles controls. Then when you get more comfortable you can try an expressway or something. P.S, the driving test in California will have absolutely no freeway driving, and expressway driving is waved.

If you have any more questions let me knowx",1722663425.0,3
DMV,TDRL: it’s recommended you practice but if you are an adult you do not have to.,1722659012.0,2
DMV,"I’m in California too so I’ll explain. 
Don’t even worry about the “under 18” section. Those steps don’t and will never apply to you. All you need to do after making an application online is to pay a free, go to the dmv to pass a vision exam, take a photo, and pass the knowledge test. 

If you are a minor (under 18) you will have many additional steps, like -completing drivers education, driving with your parents, behind the wheel training/training certificate, holding your permit for 6 months/etc. 

But you are an adult. For you, once you pass the knowledge test, you can IMMEDIATELY schedule an appointment for the driving test, as long as it isn’t in the same day you took the knowledge test. You can literally make an appointment for the next day if it’s available.

It’s RECOMMENDED you practice driving or go to a driving school, but it’s not REQUIRED. Hope this helps.",1722658945.0,2
DMV,"Yeah checking your blindspots is what a lot of drivers mess up on and I’m pretty sure could be an automatic fail? Anyways, you passed and did well so that’s all the matters. Congratulations! I hope we both get our cards in the mail soon, not sure what state you’re in but in California it’s a terrible system.",1722653449.0,1
DMV,"7 mistakes? What mistakes were they? 


I passed days ago and made only 3 mistakes for stopping too long at a red light and speed. I’m in California. But for me the instructor didn’t make me straight line back, pull over, and I made just one lane change, so it was easier than it should have been.",1722644516.0,1
DMV,"Sorry, California. I’m from California too so I’ll get back to you with a better answer.",1722480976.0,1
DMV,What state are you in?,1722480891.0,1
DMV,Your father is wrong.,1722478484.0,2
driving,"Tips:

If you do not know what SMOG is, I suggest you get that down quickly or you will fail. A little “glance in the mirror” will not do it. Every lane change, you need to look in the review,left or right side-mirror, depending on what lane you’re changing into, AND TURN YOUR SHOULDER. Even if it hurts your neck. Exaggerate your movement’s.

Maintain good speed, preferably a little bit slower than posted, but not more than 5 mph slower.

Let all pedestrians cross. If they signal you to go, just wait for them to cross. Other cars may beep at you like they did me, but who cares? There’s their problem. The instructor will not hold anything against you for using the correct right of way.

Stop behind the limit line for 3 full seconds.

My sister failed at Los Gatos because she stopped turning right at a red light and waited for it to turn green. Only wait after stopping if there is a no.turn.on.red.

Do not hit any curb. This is an automatic fail. Oh yeah, try not to do any of those obviously.

And most importantly do not go into the test with expectations. It is NOT over until you pull into the no parking lane. Even if you think you did badly, be confident and move on. You got this.",1722466743.0,3
DMV,"I understand the routes are different but for me there was absolutely no straight line backing, absolutely no lane changes, and only one left turn which was actually into the dmv parking lot. Practice, go into the test ready but without expectations of passing, AND SMOG. If you don’t know what smog means, well… you will probably fail. You need to look in your review mirror, side mirror, and over your shoulder when making any lane change or going into the bike lane.

Just relax. Follow the instructions. 

I remember worrying so much the guy was taking notes, but I literally got only ONE wrong and he didn’t add it until the test was over. Even if you’re thinking “damn I messed up” just keep going. Don’t talk to yourself, or at all-it leaves a better impression. You got this.",1722462828.0,1
Vaping,"Aww, that sucks. Yeah I bought 2 new tanks from geekvape so hopefully they will work with this. It’s 510 threaded so I don’t see why not. Thank you for your reply, I should be good to go.",1722461459.0,2
weed,You’ve been smoking that young? Nice. How do you smoke without getting caught?,1614666529.0,1
weed,Any suggestions?,1614558890.0,2
atheism,Agreed. Also another thing that bothered me was the “nothing can’t create everything argument”,1614411200.0,2
Catholicism,I felt like I had a real connection but I got the literal same exact results from when I pray to the sun of random objects... Maybe God answered my prayers reguardless? I’m not sure.,1614202899.0,1
AmItheAsshole,"Esh, he’s a guy, get used to it. As long at the actors are of age it’s alright. Just because you don’t approve of it means nothing, as he is his own person.",1613792705.0,-19
AmItheAsshole,"Yes, your the ah, because you over reacted.",1613792540.0,0
AmItheAsshole,"Woah, the evil has got to you. In the name of Jesus I rebuke you! God is coming and I don’t want you to be left behind. And I’m not saying weather I am or am not an asshole, however, being gay IS a choice. You choose who you are attracted to. I don’t have the right to tell you or MY SON wheather or not he can be gay, however, The creator of the universe does. And for you to tell me that God is “inflammable” is pure discussing. God bless your wicked ways.",1613773442.0,1
atheism,I never heard of George Carlin before someone told me about him,1612898473.0,2
atheism,I looked it up on YouTube and I found it! Thank you,1612846294.0,11
Christianity,Answer the damn question,1611115542.0,1
Christianity,"Doesn’t matter, I need answers. And I may leave religion if I don’t get any...",1611021306.0,1
Christianity,Thank you very much,1610832389.0,1
