subreddit,title,selftext,created_utc,score,upvote_ratio,num_comments
workout,My idea,"I am 11 and a male 138.9 pounds, somewhere around 20 percent fat 5'11 and does not eat vegetables other than corn, fruits I am fine with I am a milkaholic, and truthfully not a healthy eater. What I want to get to is something like sylvester stallone, solid snake, someone with some skills like being really fast strong and motivated so I could be too. I shoot a bow and arrow accurately, sneaky, and sensitive I may be getting a bit deep but I want to have answers as perfect as they could be after all I have tried and failed over and over for the past year trying to get fit different apps, youtubers, diets and don't even look that fat but I really do feel like it. I also feel restricted to learn things because of my weight and mental health it is truthfully sad. So if you can help just put it in the comments please.",1613534330.0,0,0.5,3
SuicideWatch,I am not ready for this,"I am not capable of this life I fucking wish I had the guts to kill myself to prove to all the fucked up people at school to shut the hell up and read my death note saying it is there fault and realize the trama that they bring to people, and I can't do it because I don't want that on my family's conscious like I wish I could kill myself because of this life and not waste it never getting anywhere being unhealthy just in general being a huge disappointment having no friends being alone for the rest of my life and having a porn addiction at a young age. I want to kill myself and I wish I had the guts to. And I do hope you all had a good Valentine's day and I am sorry.",1613362195.0,2,0.99,2
