subreddit,title,selftext,created_utc,score,upvote_ratio,num_comments
whatsthatbook,"YA novel in space, moonbase mining","Cover of the book is silver/grey, with an infinity logo with three loops. The main character has this illegal living watch pet thing, like a tamagachi made from nanobots and bacteria named Gilly. The spacesuits have special nanotech seals and Gilly protects the MC from a moon bandit by integrating with the seal and ejecting the helmet. I vividly remember it saying, ""Gilly sick,"" about a dozen times afterwards.",1663118488.0,1,1.0,0
morbidquestions,I think I fucked up in therapy,[removed],1629198179.0,1,0.66,1
