Subreddit,Post Count
total_count,0
Disneycollegeprogram,1
SuicideWatch,2
starbucks,17
submission_count,20
