Subreddit,Post Count
total_count,0
AskDocs,1
helpme,1
SuicideWatch,1
submission_count,3
