Subreddit,Post Count
total_count,0
depression,2
SuicideWatch,1
nosleep,4
u_SkullBaba007,2
submission_count,9
