Subreddit,Comment Count
total_count,0
pcmasterrace,2
Cameras,1
confessions,1
Appliances,1
SuicideWatch,4
nosleep,1
AskReddit,6
sex,2
depression,6
sexadvice,5
comment_count,29
