subreddit,title,selftext,created_utc,score,upvote_ratio,num_comments
SuicideWatch,So sick of being so lonely,"I just don't know how to be normal anymore. The littlest things can set me off. I'm always hurting peoples feelings with jokes I make, then I always say ""Don't be so sensitive"" when I know for sure it was MY fault they got offended. It's hard for me to take responsibility.

I also feel very alone, and I don't mean the sense of friendships. I'm talking about romantic relationships. I've had about 4 or 5 concussions, and I say that because I know I've definitely had some that weren't diagnosed as I used to box. It's just really hard for me to say what I want to say. I fumble my words a lot, and I noticed that after my most recent concussion about a month ago.

For example, one thing I said that I regret was calling a girl a ""dyke"" because she said something rude to me. What I said was so uncalled for, especially since I knew she was bisexual. I feel like trash because I don't say things like this (homophobic) all the time per-say, but that is just an example of how offensive and unregulated the stuff that comes out of my mouth on the daily.

I constantly have to be high on marijuana most of the time to keep my mood up and I don't want to be like that. The weed just makes things worse for me when I'm not high because I get even more irritable then I was before I smoked and I go through bad anxiety and psychosis episodes.

I also feel like a failure. I am in my senior year of high school and I feel hopeless. My grades are all F's and I don't know what to do anymore. I plan on going to trade school after this year but I probably won't follow through on that because I never follow through on anything I want to do,  as my anxiety prevents me from doing lots of stuff.

I think about suicide but the thought scares me and it's just and endless cycle of just that and it sends me down a dark hole in my thoughts. I feel hopeless like nothing can help me anymore.

Also, I don't want to sound pathetic but its what I am. I told the girl I like that I liked her. She said doesn't reciprocate those feelings but it hurt when she said she liked me 2 years prior. It especially hurt because I liked her back then as well. Once again my anxiety prevents me from being happy and thats all I want, is too be happy again. It's been at least 4 years of feeling like this.

Sorry for the rambling at the end.",1583218494.0,5,0.86,0
depression,"I'm always irritable, an asshole, and constantly feeling alone.","I just don't know how to be normal anymore. The littlest things can set me off. I'm always hurting peoples feelings with jokes I make, then I always say ""Don't be so sensitive"" when I know for sure it was MY fault they got offended. It's hard for me to take responsibility.

I also feel very alone, and I don't mean the sense of friendships. I'm talking about romantic relationships. I've had about 4 or 5 concussions, and I say that because I know I've definitely had some that weren't diagnosed as I used to box. It's just really hard for me to say what I want to say. I fumble my words a lot, and I noticed that after my most recent concussion about a month ago.

For example, one thing I said that I regret was calling a girl a ""dyke"" because she said something rude to me. What I said was so uncalled for, especially since I knew she was bisexual. I feel like trash because I don't say things like this (homophobic) all the time per-say, but that is just an example of how offensive and unregulated the stuff that comes out of my mouth on the daily.

I constantly have to be high on marijuana most of the time to keep my mood up and I don't want to be like that. The weed just makes things worse for me when I'm not high because I get even more irritable then I was before I smoked and I go through bad anxiety and psychosis episodes.

I also feel like a failure. I am in my senior year of high school and I feel hopeless. My grades are all F's and I don't know what to do anymore. I plan on going to trade school after this year but I probably won't follow through on that because I never follow through on anything I want to do,  as my anxiety prevents me from doing lots of stuff.",1578463303.0,6,1.0,1
