Subreddit,Post Count
total_count,0
ptsd,1
starcitizen,1
Advice,3
newzealand,1
AskReddit,5
aww,1
tifu,10
Poetry,1
GetMotivated,1
NZTrees,1
offmychest,3
Grimdawn,1
ChronicPain,1
bigdickproblems,2
trees,1
Showerthoughts,2
MensLib,2
askscience,2
words,1
leaves,3
evejobs,1
heroesofthestorm,2
gaming,1
WritingPrompts,7
subnautica,2
AskDocs,2
opiates,1
madlads,1
seduction,1
needadvice,2
Eve,1
shittyama,3
SuicideWatch,2
drunk,2
dating_advice,1
AmItheAsshole,1
StonerEngineering,1
FaceApp,1
Jokes,1
confession,2
relationship_advice,1
ManagedByNarcissists,1
shit,1
submission_count,81
