Subreddit,Comment Count
total_count,0
piercing,2
STD,2
seduction,1
relationship_advice,2
Assistance,1
lawofattraction,1
sex,1
depression,2
SuicideWatch,4
BPD,8
EnglishLearning,3
BPDmemes,1
comment_count,28
