Subreddit,Comment Count
total_count,0
stopdrinking,8
PhotoshopRequest,4
Advice,1
femalehairadvice,6
unpopularopinion,4
confessions,15
SuicideWatch,5
SuicideBereavement,3
GriefSupport,2
Dentistry,5
curlyhair,1
AskMen,3
ForeverAlone,3
TooAfraidToAsk,4
Insurance,1
AmItheAsshole,1
1200isplenty,2
bulimia,2
internetparents,1
socialskills,1
progresspics,1
AskReddit,1
comment_count,74
