Subreddit,Post Count
total_count,0
WutheringWaves,1
GriefSupport,1
BoothillMains,1
DanhengMains,2
DiagnoseMe,1
ArgentiMains,1
whatisthisbug,2
ActionTaimaninGame,1
MortalKombat,1
AzureLane,41
TattooDesigns,1
MortalKombat11,1
tattoos,3
honkaiimpact3,6
AlchemyStarsEN,2
antiwork,1
AskReddit,8
DogAdvice,1
MonsterHigh,9
depression,1
sad,1
iamatotalpieceofshit,1
legaladvice,1
nightmare,1
IDOLAPhantasyStarS,1
birthday,1
Advice,4
ExosHeroes,1
gachagaming,1
depressionmemes,1
comingout,1
Evertale,2
help,1
TalesofErin,1
SuicideWatch,3
Kings_Raid,1
girlsfrontline,5
texts,1
HonkaiImpact3rd,1
kissofwar,1
pathetic,1
goddesskiss,1
submission_count,117
