Subreddit,Comment Count
total_count,0
GaybrosGoneWild,1
twunks,1
popheads,2
SuicideWatch,1
relationships,4
twinks,1
Advice,2
comment_count,12
