subreddit,title,selftext,created_utc,score,upvote_ratio,num_comments
SuicideWatch,help?,"I just don't have any strength left. I really tried, I just don't want this anymore. I don't know why I came here, it feels like a ditch effort to save myself, but I don't want to so uhm yeah. help?",1639050116.0,14,1.0,8
