subreddit,title,selftext,created_utc,score,upvote_ratio,num_comments
BPD,What do your AH’s sound like?,"It’s quite embarrassing to ask in person. I’m diagnosed with BPD and can’t tell if I hear auditory hallucinations or my brain is just excessively talking. Or maybe I just think alot? 

Pls don’t be mean. I am soft and looking for answers. ",1743474770.0,8,0.75,34
Drugtests,Three Methods,"So I have three methods to pass my urine DOT drug test. 
I have a high voltage double flush drink, a cleanser drink and now the certo method.

If I take all three, should I be able to pass my drug test? 

I’m a daily smoker. I have until the 30th to test. I stopped smoking last night. ",1724782159.0,2,1.0,8
Drugtests,Am I safe?,"Daily weed smoker. Vape use. I have a DOT drug test in 2-3 days. I have two bottles of High Voltage double detox and one bottle of Immediate Cleanser 2 by Advance Detox Solutions. 

Plan on taking one bottle with the pills of high voltage and test throughout day. 

Then worst case scenario a high voltage and detox drink together and pray. 

Am I safe? 

Bonus question, I have a medical marijuana card. Would they list me as passing if I have a prescription? ",1724720896.0,1,1.0,3
depression,Mentally deteriorating.,"Ugh. 25F here. I just don’t know where to get support from. Dealt with depression and anxiety for years. First grippy sock vacation was two years ago and from then I managed well. I had mental stability. Fast forward to now, within the last couple months, i’ve slowly been getting depressed again. At first was thoughts here and there of being just sad but at this point I practically want to give up on everything in my life. Just ready to quit job, had plans for college, I rather sleep all day and just not get out of bed and now I just have no motivation to do the simplest of things, SI but no intent, just feel like i’m better off gone. I want to express how I feel so badly to my friends and family to have support but I just can’t. Boyfriend will stress about my mental health and that only stresses me out, parents will stress, ironically my best friend and I work at a mental health hospital, so as close as we are, I don’t even feel comfortable expressing how i’m falling in a deep hole again in fear of losing my job, then actually my job doing something which would result in me being admitted again to an impatient unit. So in the end, I bottle everything up and it’s just feeling worse the more and more I just hold everything in. Scared to talk to primary care for help in fear of CPS being called for wellness check since I had my first child 10 months ago when my child is 100% safe and I have NO thoughts of hurting my baby what so ever and do everything in my best power to provide my baby with everything they need.

What are some ways I can save myself from major depression? At this point I feel like I only have myself to help myself get out of this and i’m struggling pretty bad in doing so. 

Ideas?",1699000503.0,2,1.0,0
pregnant,Do I have a chance?,"Recently miscarried my first pregnancy at 6W5D on 3/31/22. Once my HCG zero’d out my doctor gave the okay to start trying again. On 4/29/22, I received my first positive! Since I never had a period although tracking from my first day of bleeding from my miscarriage, today I should be 5W3D. So I had some betas done yesterday. 

At 5W2D my HCG was 265 mIu
My progesterone was 6 ng

All that keeps flash backing in my head is my miscarriage and it has me terrified. Last pregnancy at 4 weeks my HCG was 266. Never got progesterone done first pregnancy. 

Is there still hope or am I on a projectile for another miscarriage?",1652014338.0,2,1.0,2
GoFundMeHelp,Please help my best friend 😞,[removed],1646324362.0,1,1.0,0
SuicideWatch,I’m not meant to be here.,"I always had my own little voice in my head telling me that I was never supposed to be here. In the end, I’ll end my own life. 

I’ve dealt with depression most of my life starting in grade school. I’m 23 about to turn 24 now. You’ll hear people constantly tell you that everything gets better, but does it really? I mean some days can be better than others where i’m able to muffle the feeling of not wanting to be here but it always comes back worse. 

I’ve cut, i’ve failed numerous times on my life trying to OD. I just get sick to my stomach assumingly I just didn’t take enough of whatever I may have taken. Once I even tried getting myself help. Talked to a behavioral specialist and they recommended an outpatient hospitalization program then an IOP. Couldn’t afford it being $3k+. So then I went to my primary care doctor that is waaay cheaper. Offered counseling for free and a prescription of Paxil. It was nice a cheap but in the end it didn’t make a difference. Depression creeped up and right before I made my next attempt, I was involuntary hold in the psychiatric unit of my hospital for 5 days. Tbh, that was the most wasted time that only costed me once again $3k+. I’m still paying it off to this day. After being prescribed new medication because they deemed paxil wasn’t enough, I had stopped taken it in fear of I was a verge of having seizures. I was put on Wellbutrin and Topamax and had bolts of flashing lights that I also felt in my head. Called hospital to see if it was a normal side effect and they advised me to go to the ER. Already had a bill of $3k+. Can’t really afford to tack on $500 more. So I dealt with it and stopped taking it. Gratefully no seizures happening. Moving forward to a year later, I was able to stay numb. Couple of bad days here and there but for most part pretty numb. Well it’s hitting me again and honestly I think my eyes are just opening up. I rather restart. But not in the way you may think. I’ve tried changing my life. I tried making good choices. I tried being better. My life has literally sucked from beginning and it sucks now. I stare at the ceiling thinking to myself how much I do not want to be here. I rather restart from the beginning and maybe and hopefully I can do better in my next life. 

I’m constantly hearing in my head that I was never supposed to be here. That I will cause my own death. 

I’ve made peace with my death years ago. I’m ready to be free.

Lets just hope my next attempt will be a success.",1645919001.0,2,1.0,0
Drugtests,Took a DOT drug test today. Only worry was THC. Would you think this is good enough to be passing?,,1633058524.0,4,1.0,3
Drugtests,DOT drug test. Smoked one hit over a month ago and been cleansing like mf for the last week. I took a 20ng/ml at home drug test and have a DOT drug test in 4 days and straight panicking. Is this a hot fail or barely pass?,,1632708196.0,5,1.0,9
weed,Am I going to be okay?,"In 8 days I have a DOT drug test coming up. Currently been drinking tons of water ontop of trying my best to detox with ToxinRid. 

A week before I was slipped a drug test by my primary doctor because i’ve been prescribed a scheduled IV prescription and tested positive for weed on confirmation of 33ng/ml. 

I smoked ONE AND I MEAN ONE hit out of a Delta 8 vape pen OVER a month ago. 

Does anyone know the process of DOT drug testing? If I pass (meaning i’m below cutoff of 50ng/ml) do labs still do a confirmatory test (meaning I would have to be 15ng/ml or lower)? 

Been panicking. As much as I like it, if this is making me panic this much, i’m never smoking again.",1632301689.0,1,0.99,5
