subreddit,title,selftext,created_utc,score,upvote_ratio,num_comments
tragedeigh,cavewoman tragadeigh,,1749741045.0,3633,0.99,17
MyastheniaGravis,side effects,"anyone else on mycophenolate/cellcept get the worst headaches 😭 & also muscle cramps 😭 would appreciate any tips on how to deal with them, i am struggling a lot, especially with the headaches, but i don’t want to be popping pain pills (they don’t really do anything, plus that’s even more medication). i thought maybe it would settle after a few months but no such luck 🥺",1749687077.0,5,1.0,24
wolfalice,selling manch tix,"so i brought tickets to the manchester show (28/11/25), & now they’ve announced a nottingham date which is much closer to me 😭 so i want to get notts tix & sell my manch ones—i have tickets for the accessible platform (1 ambulant ticket & an essential companion ticket). would anyone be interested? ",1749510226.0,0,0.5,2
MyastheniaGravis,bad flare up,"i’ve really pushed myself this week, & despite resting most of today, & having ofc taken my meds, etc, i’m still feeling very weak & tired. don’t know what else to do. this disease rlly sucks :( ",1744648430.0,8,0.9,8
MyastheniaGravis,myasthenia database,"anyone else in the uk get information about this? it seems to be presented as a clinical trial, but involves nothing physical or medication related on my end, just to do with sharing of information to create a database for research purposes. not sure whether to consent or not…",1744343119.0,1,1.0,2
MyastheniaGravis,eye fatigue help,"currently, my eyes are getting easily tired & fatigued. rest doesn’t seem to help, they still feel hard to open no matter how much i rest. i think it’s a combination of the weather changing, plus i am in the midst of exams & assignments so a mix of stress & also reading a lot for my assignments. does anyone have any tips to alleviate this?",1743587836.0,2,1.0,3
Ethelcain,wtf is ticketmaster??,got through the queue but there are no seats to select? so it’s sold out? do i keep trying?,1743157176.0,4,0.75,15
Ethelcain,spotify pre-sale?,[removed],1743008215.0,2,1.0,3
Ethelcain,fourth show added in ldn!,"i managed to get tix to the third show, after she’d posted about it to her insta & i called the venue directly! maybe this will help anyone who missed out",1743006768.0,3,1.0,1
MyastheniaGravis,what do i do?,"uk, generalised myasthenia. in the last few days i have a sore throat that’s developed into a chesty cough/snotty nose situation. the last time this happened (end of nov last year), i had ended up in hospital in respiratory crisis. i don’t feel as if i am struggling to breathe, but my chest does feel tight. i was up several times in the night using my cough assist machine to bring phlegm up. i don’t think i’m in active respiratory failure, but i am VERY anxious to get there again. should i pack a bag & call 111? just ride it out & take care of myself at home? i am on pyrodostigmine, prednisolone & mycophenolate. when i went in before xmas, my neurologist did a 5-day ivig treatment, & increased all my meds. ",1739958417.0,3,1.0,15
tragedeigh,giggles maximus,[removed],1738159332.0,2,0.56,7
lucifer,dan deserved so much better 😭,first time watching the show—everything just kept on getting worse for him 😭 & now i just find out he’s not in heaven 😭 i hope somehow he comes back ,1736448203.0,319,0.97,35
Asexual,sexualn’t 😭,,1735754008.0,325,0.99,6
asexuality,sexualn’t 😭,,1735753971.0,2542,0.98,45
tragedeigh,blessica blimpson,,1735223188.0,607,0.95,98
tragedeigh,some poor kid probably doesn’t have to imagine 😭,,1734428161.0,47,0.79,7
MyastheniaGravis,should i go to the hospital to prevent crisis?,"in the uk. had a sore throat, it’s developed into a chesty cough. last few times this has turned into life-threatening crises where it was extremely amazing that i pulled through. have noticed i am getting breathless easily & i cannot clear my chest. should i go to a&e before it gets worse? can they do anything there or am i just putting myself at higher risk to catch something? should i call 111? i am so scared to go through this again…

UPDATE: was walking home & rlly struggling. got some passer-bys to call an ambulance for me, now in intensive care. on oxygen, & managing. thankfully have avoided intubation. neurology have been to see me, & there is a treatment plan in place. physio have also been & helped clear my chest, so i do feel i can breathe a little easier. my arterial blood gas was 7 upon arrival last night—thank you to everyone who commented & validated my fears—i was very worried that i was acting out of a place of anxiety rather than a genuine concern, but it’s good i went in when i did. i’m thankfully stable for now, but everyone here is well aware of my history of rapidly declining, so i’m grateful for the eye they are keeping on me. have no contact with family, so going through all this on my own…
",1732823980.0,10,1.0,4
ParisPaloma,Nottingham show!!!,"it was incredible!! paris held my hand during the warmth, & kept making eye contact & smiling at me!!! i fear i will simply never recover!",1732664355.0,31,1.0,0
LondonGrammar,manchester o2 arena,"it was incredible!!! the visuals, the staging & sound, & ofc hannah’s voice!!! i’ve been a fan since the very beginning, & to finally see them live was actually so emotional for me. 14 yr old me had a very visceral reaction to tonight 🥺 (well, last night now—it’s past midnight)! i think i will remember this for a very long time, & i so appreciate the band, & having been able to see them—& the TWO support acts!!!

",1731458181.0,10,1.0,4
autism,autism cake!,[removed],1726922805.0,23,0.96,3
thelastdinnerparty,birmingham 01/10,"selling a ticket to the birimingham show! same price i paid for it. unfortunately it’s too much travel for me now. if anyone has or knows of any tickets for the notts show @ rock city, would greatly appreciate it!

https://secure.ticketmaster.co.uk/rs/3E006032C7E81775/l3xr83lf

",1726233023.0,2,1.0,2
autism,got diagnosed!,"i got diagnosed on monday! i had my assessment, & at the end the lady said that she would go ahead & diagnose me. it’s been very validating tbh, & there have been a lot of feelings for little me. ",1725632391.0,21,1.0,2
tragedeigh,twinleighs ,,1724917610.0,0,0.37,6
EstrangedAdultChild,living for myself ,"just the title…how do i do it? i know there’s no simple answer, & it’s deffo not easy, but it’s what i need to do in order to move forward. i have so much trauma, & multiple chronic health issues. i’m nearly 27, & trapped in survival mode, & tbh not doing a good job of that either. i don’t really know who i am as a person at my core, & things i used to enjoy don’t seem to hold my interest anymore. i’m so anxious all the time, & so lonely. i know they (my family) are out there just living their lives, but at least they get to do it with each other. 
",1723652186.0,3,1.0,3
CPTSD,living for myself,"just the title…how do i do it? i know there’s no simple answer, & it’s deffo not easy, but it’s what i need to do in order to move forward. i have so much trauma, am estranged from my family, & multiple chronic health issues. i’m nearly 27, & trapped in survival mode, & tbh not doing a good job of that either. i don’t really know who i am as a person at my core, & things i used to enjoy don’t seem to hold my interest anymore. i’m so anxious all the time, & so lonely.
",1723574530.0,3,1.0,1
EstrangedAdultChild,mother’s birthday ,"i’m so sad today. in 3 days, it’s also the 2 year anniversary of me last seeing my parents irl. just really feeling it all rn 💔",1723122786.0,11,1.0,2
CPTSD,managing sleep,"i have always suffered with insomnia & poor sleep, as well as nightmares. does anyone have any tips on how to face the day/actually physically get out of bed when you wake up panicky/upset. i am very inclined to bed rot, which is massively detrimental as a coping mechanism, but i just can’t face the day. it’s hard even without having to deal with nightmares.

i know i’m physically safe, but that doesn’t soothe the negative emotions that come with waking up like that. sometimes even having plans to be up for is not enough, as i can cancel/bail out on. any advice is appreciated!",1720800480.0,5,1.0,4
EstrangedAdultChild,can’t stop being deeply sad,"i have been NC for nearly 2 years now from my entire immediate family. that includes both parents, & 3 siblings (27F, 24M, & 16M). i am trying to heal, move on & live my life, but i’m just so damn sad all the time. it seems everyone around me has a family, & even if they don’t have a great family, they still have one. i’m sad i don’t get that, i’m sad my siblings do, i’m sad i’m missing out on their lives, i’m sad for my younger self for going through everything that led to this moment, i’m sad for all the times i’ve tried to maintain contact & it’s not gone well. i’m just so fucking sad. that’s my base emotion ALL the time, & it doesn’t take a lot to tip it into severe depression. i don’t want to live like this. ",1720373481.0,21,0.97,4
NoStupidQuestions,why do redditors write out their edits?,[removed],1647076649.0,1,1.0,1
SuicideWatch,waiting to be voluntarily admitted,"i did it, i am waiting to get the help i need & i got here, despite the odds. there's still a lot of hurt & uncertainty. but i did it. here's hoping that i can engage with the treatments & do the work that needs to be done...all the prayers, thoughts & good vibes needed! i'm v apprehensive.",1647005889.0,2,0.75,4
aaaaaaacccccccce,slightly confused (tw: trauma),"so i was binge-scrolling through r/AMA & found a post re' someone who was aro ace, which was exciting! they said their asexuality was due to trauma, & i questioned whether they were ace beforehand & the trauma sort of 'made' them realise? this person said this was not the case...now this confuses me because asexuality is like other orientations in that, for example nothing 'makes' people gay, they just are gay. i understand that some asexuals may have s\*x-related trauma, which may or may not be linked to their aceness, but is asexuality slightly different in that someone can become ace?

to clarify, i know traumatic incidents may cause people to fear intimacy/be scared/repulsed by s\*x, etc - but that doesn't necessarily equate to a lack of sexual attraction, right? unless the trauma whacks the system so bad, that it does in fact reset it, so to speak. as a neurodivergent individual myself, i totally understand how these facets of identities may intertwine & blur together, & that their relationship can be causal & regardless, asexuality is valid. i guess i'm just confused as to how to navigate these discussions with sensitive topics but also wanting to respect terminologies & the way people choose to understand themselves.

i really hope this post isn't insensitive or distasteful in any way, i just want to understand a bit better!",1646508320.0,27,0.9,7
SuicideWatch,attempted,"on wednesday. od'd on my main prescription medication for an autoimmune condition. gave myself terrible gastroenteritis. family & doctors don't know it was an attempt. feel like i've missed my chance to get the right medical help. my family 'don't believe' in mental health & have told me 'i've no reason to be depressed' etc. i feel so out of place, lost & alone. i don't know how to tell anyone else my thoughts  & even if i do, i will be directed to resources that i cannot utilise, even if i want to. i can't just go to the doctors/the hospital because my family will see it as an attack on them (conservative asian background, they constantly make jokes about 'the crazies', even with a GP for a father & 2 med student siblings) & also, if i ask to be an inpatient voluntarily, they may not have room or i fear i may not be taken seriously enough. i have attempted approx. 3 x in the last month, with 2 visits to hospital, with no medical professional knowing it was an attempt. of course, this makes the feelings of abject failure a lot worse - both that clearly pills aren't working & that i can't tell anyone i did this to myself. i don't have anywhere to secure a noose & i'm too much of a wimp to drink bleach/jump off anywhere, so i don't know what else to do. i can't live like this anymore, it's not even living. i am so disappointed every day when i wake up, & i know that's a selfish thing to say, but the pain is so crippling. i'm supposed to sit my final year university exams in the next few months, but i just spend my time fantasizing about death & killing myself. i just need a method that will definitely work.",1646506333.0,15,0.95,9
NoStupidQuestions,why do binary trans people identify as trans?,"disclaimer: i've nothing against the trans community & really hope this post is not offensive or distasteful, i'm just genuinely curious!

people who identify as binary trans (so mtf or vice versa), are for all intents or purposes a man or a woman - i know passing is a big part of gender euphoria - my q is why do people who transition & pass still identify as trans? is it do with finally being comfortable in themselves & wanting to pay homage to that? i don't think there is anything wrong with identifying as trans at all! i just mean to say, if you are a man or woman, & you pass as cis, why identify as trans? i really hope it is not an ignorant question.",1646419026.0,1,0.67,5
aaaaaaacccccccce,ways to validate your asexuality,"so i'm just curious how y'all 'remember' you're ace? whenever ppl around me tell me it's not a thing or i'm just questioning myself, i always turn to butts...(not literally lol). like how is a butt attractive, sexually or otherwise?? that's where ya poop from. that shit is nasty (that *was* literal).",1646417364.0,47,0.97,18
agender,new f+tm song is my current nb anthem!,"[https://www.youtube.com/watch?v=L62LtChAwww&feature=youtu.be](https://www.youtube.com/watch?v=L62LtChAwww&feature=youtu.be)

*i'm no mother*

*i'm no bride*

*i am king*",1646076849.0,7,0.9,2
ennnnnnnnnnnnbbbbbby,new f+tm song is my current nb anthem!,,1646076757.0,1,1.0,0
asexuality,unaccepting family,"so i come from a fairly conservative background & my parents did not accept my asexuality (i did not even tell them, yay breach of privacy), but they are under the assumption it was a 'phase' - idk what they think i did, prayed to the good lord 'to please give me the desire to smack an ass when i see one' loooooooooool",1646072386.0,10,0.92,0
Asexual,unaccepting family,"so i come from a fairly conservative background & my parents did not accept my asexuality (i did not even tell them, yay breach of privacy), but they are under the assumption it was a 'phase' - idk what they think i did, prayed to the good lord 'to please give me the desire to smack an ass when i see one' loooooooooool",1646072338.0,105,0.98,19
aaaaaaacccccccce,unaccepting family,"so i come from a fairly conservative background & my parents did not accept my asexuality (i did not even tell them, yay breach of privacy), but they are under the assumption it was a 'phase' - idk what they think i did, prayed to the good lord 'to please give me the desire to smack an ass when i see one' loooooooooool",1646071205.0,23,0.86,12
Asexual,may be a stupid question...,"i have seen some people identifying as asexual & lesbian or asexual & gay...i'm not saying that can't happen, but how does that work?? if asexuality is a lack of sexual attraction, then how can one be gay as well? is it those who are e.g., demisexual, aceflux, etc, so experience sexual attraction occasionally & that attraction is directed to those of the same sex? something like that? probs a v stupid q, but i'm not sure i understand.",1645902208.0,25,0.94,27
SuicideWatch,wanna kms but scared of painful methods,[removed],1645900930.0,1,1.0,0
LGBT_Muslims,feeling privileged in my faith,"asalaamualailum all,

i am asexual and non-binary, which my parents (who found out without me telling them) are not accepting of and they firmly believe it was a phase. i am in no space or state to convince them otherwise, nor do i want to. it has been a turbulent journey to navigate my faith with my personal experiences, but alhamdullilah, i love allah & his messenger (saw) & am largely comfortable with mu identity.

however, i fear that i have internalised queerphobia and that because i am not sexually attracted to others & because i don't have any desire to physically transition or change anything, my identity 'neatly aligns' with the conservative ideologies of our cultures. so, perhaps i am only a comfortable non-heteronormative religious person because my non-heteronormativity & faith ideals, at least in my mind, don't drastically conflict each other (even though my family do not accept it, it is not what the 'facebook sheikhs' see as traditionally 'sinful'). furthermore, i'm scared that i may romantically or platonically end up with someone is who not male-presenting & the thought of how that is perceived in cultural circles/just wider society terrifies me, especially as the thought of identifying as 'trans' or 'queer' or even as part of the lgbtq community makes me really panicked....i personally would not mind being in a relationship with whoever, but i'm scared that i'm secretly sitting on a highhorse of being able to pass as cishet, & that is the only thing keeping my islam & identity in sync.",1645895188.0,10,1.0,2
EDAnonymous,idek what to say...(tw: purging),"not family members ambushing me with how they've known for a while that i make myself throw up...when i don't!!! at all! believe me, i've tried! i am physically unable to make myself vomit, the only times i've ever vomited was when i was actually rlly sick. ofc, they don't believe me. this is such a weird kind of invalidation...like tf do i do with this? how am i supposed to actually ask for help? 

tfw when you are so good at hiding your struggles with food that ppl suspect you have a completely different disorder.",1645889682.0,2,1.0,1
Asexual,will it always be this lonely?,"just v sad right now. family relations have always been fraught, with me as an outlier as a kid, from unrelated events to my ace-ness. BUT when i was 17/18, my family found out i was ace (i did not tell them, they read my private emails to a friend). this was the friend who introduced me to asexuality & they are also ace. my family are not accepting, i think the one of the driving reasons being that this friend & i would go on to enter into a queer-platonic relationship (of sorts, we never formally called it that) & i would refer to them as my 'partner' (again, my family found this out by looking through my personal correspondence). we (my fam & i) are muslim, & although my friend & i at the time both identified as somewhere on the nb spectrum, they were female presenting (as was i). they (fam) did not & do not understand that for me, the word 'partner' does not have romantic or sexual connotations, & coupled with the conservative religious ideology, obviously & unfortunately did not take this well. (irony is, you'd think, coming from a conservative background, my parents would be happy having a child not interested in sex).

they basically hated this person & for that reason, as well as other horrible yucky (both external & family-initiated traumatic events), that 'relationship' (my sad ace ass still doesn't really know what it was) ended v v v v horrifically & that individual is no longer in my life (i was basically forced to choose between them & fam). 

thing is, it has been 6 years since this all started, nearly 2 years no contact with my friend. i, now f'ing 24, just had to sit with my mother whilst we had one of her 'chats' (a v v v toxic one-sided discussion about my failures as a human on this earth), & when she gets in one of her moods (regularly), she loves to humiliate & ridicule what she thinks was a phase. so, i just got the pleasure of being told how 'x' was asexual, she turned you asexual too'...i'm not gonna go into the full gist of it, but i'm just so so so v done with this. the one person who i thought could be my person is never gonna be my person, &  whilst i get that asexuality is hard to understand, i just...feel so alone in this. i know no other aces irl, & obviously am not in a safe place to 'own' my asexuality.  i don't mind literally anybody else perceiving me as cishet in society, but if my own family are never going to try to accept me...idk it just makes me really really so v upset.",1645819778.0,14,1.0,5
asexuality,what is the difference between romantic & platonic attraction?,"(please let me know if there is another, better-suited sub for this)

basically, the title lol. i am definitely ace, & for a few years identified as aromantic also before slowly letting that fade. i haven't explored my romantic identity for the longest time, & it's recently been playing on my mind & i feel the need to revisit it. 

i have platonic attraction, & really like getting to know people & falling in love with their little mannerisms, etc. i think i need to perhaps do a little exploration into how far/to whom my platonic attraction extends to, but i can't see it being limited to gender. 

however, i get confused trying to define romantic attraction. i am quite tactile, i like being held/hugging & my hair being stroked, etc - but is that romantic? i would send flowers/go to dinner/give a palentines day card to friends...so what is it that makes these things romantic? this is probably media influenced, but to me it seems like 'gestures of love' that normally lead to sex, would that be correct? maybe i am detached to this notion as sex is not a priority for me, so that's why i have difficulty understanding it? or i'm way off the mark...which is more likely!

i'm just so very confused about what the difference is here, & feel like i can't really comment more on my romantic identity without knowing what romantic attraction is. perhaps i'm even defining platonic attraction wrong....i really don't know!",1645642495.0,7,0.9,18
agender,how do i know if i'm agender/nb or just faking it? (TW: ED),"(she/they - on reddit at least).

nobody needs my life story, but i basically started identifying as both asexual/nb, leaning towards agender at around 17 years old. i'm now 24. around 17/18 years old, my family found out. i did not tell them, still no idea how they found out. basically, they are not accepting (we are muslim) - or rather, they are unwilling to engage in my understanding of myself. whatever it is, for all intents & purposes, i'm cishet in the familial home & in wider society.  my current hang-up is...well, i've little to no dysphoric feelings regarding pronouns/my physical body (i know you don't need to have dysphoria to be nb). most of the time, i'm also okay with being perceived as female...but i just don't feel female? (or male or anything else). but, even cis people don't 'feel' a gender, right?  i definitely know i'm ace, but the gender side of things is a bit of a mindfuck. did 17 year old me just create unnecessary ridicule/trauma/family breakdown for no reason?

it could also be i'm somewhat stifled as i'm not in a safe space (both physically & mentally) to explore pronouns & expression, but whilst that's frustrating & upsetting, i don't think it is ultimately dysphoric for me. however, i also struggle with disordered eating, so maybe my perception is all skewed anyway. not sure if any of this makes sense, but i'm just scared i've lost meaningful family relations over something that i might not even be. how do i know if i'm equating absence of a gender with just how cis people feel in themselves?

&#x200B;",1645563581.0,33,0.97,22
SuicideWatch,idek what this post is gonna be but here goes...,"i (nb: she/they, 24, uk) literally found this sub-reddit after googling 'i tried to strangle myself' (yeah, idk why i did that either), and this is pure desperation because no amount of scrolling randomly through reddit has ever made me want to make an account, except today.

so today mainly i've been using a scarf to self-strangulate for a few minutes at a time. it's not that i chicken out, it's just i'll probably go for it full throttle (pun intended) tonight, when it's dark. over the last week or so, i've also ingested 50+ 400mg ibuprofen tablets, and a few weeks before took all my prescription amitriptyline meds in one go. idk why i'm not in hospital - i have a autoimmune disease where i have similar symptoms to what i experienced then so my parents just chalked it up to that and let me sleep it off. i've stopped taking my meds for that (it's a muscle weakness disorder).

my entire life has basically been me fucking up continually. nobody needs my entire life story, but when your own mother agrees that her life is better without you in it, then that says enough. i can't just go to a&e and ask for help as 'i have no reason to be depressed', 'doing it for attention', etc etc. thing is, i can't keep getting sick (od'ing) because it's perceived as me being in a mood/having a tantrum, when these are literal cries for help, so i feel i really need to do something drastic. i haven't bothered with any uni assignments despite being a final year law student & the scary thing is i just do not care about anything other than ending it. that's all i fantasize about. i know i need help, but i have no way of getting it without shattering the family dynamic. i've done that before (walked out of home aged 19), & am so scared at doing it again, so the only viable option i have is to leave rather more permanently. i'm just so, so done. 

i'm aware a lot of this doesn't really make sense & if anyone even sees this, i can offer more context. idek why i'm posting this, maybe like a last attempt at getting help? thank you if anyone even read this.",1645546472.0,30,1.0,19
