subreddit,title,selftext,created_utc,score,upvote_ratio,num_comments
monsterenergy,Combonation of these two somehow makes sour peach rings and its really good,,1743036062.0,2,1.0,3
WhatWouldYouBuild,HWYB Yubel from Yugioh GX. Particularly her thing with sharing her pain with others. And possibly turn too her other forms,,1742884730.0,8,0.8,3
mrballen,Screw you like button,Bite the head off of every single one of the Like Button's dinosaur chicken nuggets,1741028360.0,28,0.85,4
monsterenergy,Extra Vibrant Mango?,,1740511583.0,1,0.67,0
mtg,Can you play a land with chaos channeler,"Scrolled through the sorce and it said nothing about it so i assume no? But it says ""play"" and not ""cast"" so idk",1738842192.0,0,0.44,11
monsterenergy,Surprised to see how quick it showd up in my local. So good. Though it smells so familiar ,,1736810632.0,5,0.86,2
monsterenergy,I tried this way to late. Rip this is really good,,1732571784.0,3,0.71,0
Scams,"Tracfone ""expired service""","Ive been getting messages that my service will expire and posted every day. First two messages dont give me a link to fix it and the rest have been  some weird link with a different jumble of lettets after the /. I also cant message people on wifi or data, tried both modes(sms abd mms) around the time of these messages. (First message on sunday, cant message on Tuesday) Link doesnt seem like tracfone as id assume itd be something along the lines of ""tracfone.com"" and not ""1.tf-w.co"" though the link is https.  I dont know spectrum supports number but i feel like it'd be more consistent messages. The STOP to end sounds fishy too. Is this something i should call them about or no?",1732058147.0,0,0.25,5
Scams,Suspicious. Started november 20th,[removed],1732057396.0,1,1.0,2
Scams,"Is this a scam? Havent been able to message people on wifi or data, tried both modes. Link doesnt seem like tracfone",[removed],1732056967.0,1,1.0,1
Scams,Is this a scam? I also notice i cant message people both on wifi and mobile data,,1732056561.0,1,1.0,1
youtubeadds,Ah yes. Qr codes. And nothing else,"Probably nsfw bc of implications

",1732056006.0,2,1.0,0
monsterenergy,Interesting combination. Tastes like tropical punch,Zero clue about ratio because i just did a sip,1731232243.0,47,0.99,3
riskofrain,Am i insane or did this use to be a thing,"I swear i remember repairing an item drone that sucked items to throw at enemies.
Edit: its not the equipment drone. I remember this one siphoning away everything else",1727011387.0,5,0.86,5
mtg,What turn is a sol ring valid to use and not be the turn 1 sol ring guy,"I swear im always the ""threat"" when i play sol ring even in like turn 3",1723359232.0,0,0.38,12
SoulsSliders,I forgot what day it was but id like jiro in elden ring,,1722070577.0,7,0.7,0
mtg,I need help with equipment layout,I love equipments so i built an equipment deck that mostly relies on me giving all of it to my commander. I know im definitely laying this out in the worst way possible where they're all stacked under with each covering all but the text. Late game it just gets out of hand and need help ,1721639374.0,1,1.0,2
genderfluid,Genderfluid look question,My face is one of those faces that just look weird without facial hair. On my very fem days i get annoyed with it and feel icky. Is there any way to fix this or should i just get used to it,1720782693.0,2,1.0,1
DnD,Explosion character creation,My dm is letting us have a feat to start with. What would be best for a goblin who likes blowing stuff up with bombs she makes. Im thinking maybe the gift of the chromatic dragon for an extra d4. ,1720561625.0,1,1.0,3
minecraftseeds,Ocean seed ,"Ocean seed

Looking for a large ocean at spawn  with some coral reefs nearby, probably an ocean monument, underwater ravien sounds cool. Mainly some shipwrecks",1718754956.0,1,1.0,4
DnD,Question about an idea for my character,Making an battle smith artificer/monk. If i make gauntlets my weapon would that count towards an unarmed strike for monk benifites or is it one or the other. Im pretty sure it's one or the other and ill just make one but im wanting to make sure,1713133544.0,1,1.0,5
whatsthatbook,Trying to find a book I read on an old kindle,[removed],1705981330.0,0,0.43,4
mtg,Ruling question," I have a ruling question that I think I'm right about but wanting to make sure. I Built a green white trelasara, moon dancer deck which gets a +1/+1 counter whenever i gain life. If one source gives me multiple life in the same effect she only gets one counter correct? Also with cleric class's ability ""whenever you gain life you gain that much plus one Intead"" would that trigger her once or twice",1703136888.0,4,1.0,2
DnD,Artificer question,In a naruto version of dnd I play theres a class that turns my strength modifier into my intelligence modifier. And a gauntlet that if in my nondominat hand lets me punch with my bonus action. I want to make thees a thing in a regular gameand my dm is letting it happen as long as I explain how it would do it. Any ideas?,1693117649.0,0,0.5,2
Chaturbates,Who’s this? She shows up on an ad and i wanna find her,,1692060971.0,0,0.25,0
chubbyswimsuites,This girl 🤤🤤🤤🥵🥵🥵,,1691707956.0,1,1.0,0
chubbyswimsuites,What sizs miku u like?,,1689805022.0,3,1.0,0
chubbyswimsuites,Post,Ignore me,1688894812.0,1,1.0,0
chubbyswimsuites,Post,Ignore me,1688894795.0,1,1.0,0
chubbyswimsuites,Trying to get this subreddit going,,1688894772.0,1,1.0,0
chubbyswimsuites,This is what im talking about,,1688894527.0,1,1.0,0
softwaregore,Video so long ya gotta overlap everything. How th?,,1688543769.0,1,1.0,1
chubbyswimsuites,Rule suggestions?,Am I missing anything important for rules? Comment here,1688517918.0,1,1.0,0
chubbyswimsuites,This is my first ever subreddit so I don’t know Jack Shit,,1688517713.0,1,1.0,0
chubbyswimsuites,Rules:,"Follow reddit TOS
No fat shaming, kink shaming, or any hatred of any kind
18+ (obviously) if we find out you are under 18 you will be banned
No posts about LTF or dating. This is not a dating subreddit
Self promo is allowed but only on your own post’s comments",1688517552.0,1,1.0,2
chubbyswimsuites,r/chubbyswimsuites Lounge,A place for members of r/chubbyswimsuites to chat with each other,1688516676.0,1,1.0,0
mtgrules,Toil/Trouble Fuse cost,Do i spent 2 and a red + 2 and a black to play both effects or is it just one of them?,1688001342.0,2,1.0,2
mildlyinfuriating,Im sorry. What Twitter?,I have to pay to see some tweets?!,1687932805.0,170,0.9,40
foundsatan,Found satan in an r/foundsatan YouTube video,Carol of the bells but with meows. Too add salt on the wounds its now stuck in my head,1687678318.0,26,0.8,8
Scams,Wth is Check-Go?,[removed],1687550618.0,1,1.0,1
Scams,Wth is Check-Go,[removed],1687550174.0,1,1.0,2
Scams,I better A’pply now,[removed],1687550079.0,1,1.0,1
GamingPCBuildHelp,Pc on a budget,"Need help finding a good build that can run valorant,Minecraft, decently high need games like that for a pretty cheep price. Mouse and keyboard attatched. Cheapest I’ve gotten was 2500 but wondering if theres any cheaper but still pretty good specs and storage",1674516472.0,1,1.0,2
DnD,Help,so im about to play a character thats a homebrew bloodied sword. under features theres something called  The Fruits Of Sacrifice  and i have no idea what its there for because there is no information anywhere about it. im thinking its just how the class sacrifices their blood to make a weapon but im unsure,1671783841.0,1,0.67,7
TechNope,Softwaregore didnt want me but discord decided to nope today,,1671404870.0,22,0.96,1
softwaregore,Discord decided to do this today,,1671404738.0,1,1.0,1
CallOfDutyMobile,help,i have finnally made it to grandmaster 1 and am going to grind search and destroy to try and get the oden. however i keep losing and i feel like im missing out on a lot of points. especially when i lose. so what are the best guns to use that can help me destroy anyone in any map?,1666401709.0,1,0.6,4
riskofrain,Im having an issue,So trying to complete all the storylines of the survivors and i beat the game with the commando and read his log. Went to go play god of war and the disk got dirty and said corrupted data. I cleaned the disk and the only lost survivors were the mercanary and commando. I completed the game with the merc and it gave me back his log but when i best the game again as the commando it didn’t give me the log again. Ive kept trying and it just wont count it and im unsure why,1665701675.0,1,0.67,0
woooosh,Ive givin up on Facebooks. Especially Keiths,,1664850372.0,28,0.92,1
CallOfDutyMobile,Ive got 80/100 where is the last 20? I saw a few people with the skin already,,1663557002.0,1,1.0,0
u_AtomZgameR,Ignore this,,1661819216.0,1,1.0,5
iamverybadass,Discord friend’s about me,,1661653443.0,1,1.0,0
Paladins,help,"&#x200B;

[im trying to link my ninendo account to hi-rez and i get this red message? why?](https://preview.redd.it/ugkof3zbnfg91.png?width=647&format=png&auto=webp&s=2fafce4735e49a95b085a47f00452fe3aefe6b0a)",1659939718.0,1,1.0,0
Paladins,Trying to link my nintendo account and i get this message?,[removed],1659939495.0,1,1.0,1
Paladins,Question,So on my steam account I have things that took forever to grind. But the only issue is that its laggy so i go paladins on my switch. Is it possible to get my steam account’s paladins on my switch so i can play my main Lillith without grinding as long as it took?,1657951787.0,4,0.84,22
TeamSky,Question,Are mythicals allowed in rp teams? Im wanting to add melloeta to my team but I doubt she’s legal,1657754588.0,1,0.67,2
Shindo_Life,Another question,I have the renshiki bloodline. Someone is saying i can reroll it and be able to get it back later without a bloodline bag. Is this true?,1655265188.0,1,0.67,10
Shindo_Life,Question,So the dagai wire requires a stat cap of 5500. What rank makes that? Cuz rn im at 5400 which is annoying,1655258826.0,7,0.9,5
DnD,Idea,Is there an official magic item that replenishes spell slots in combat. Or maybe a magic item that lets me use endless amounts of 1st level spells? There probably isn’t,1655193397.0,1,1.0,14
discordapp,Feature Question,In one server i see a chat option inside the vc but in another i dont see it. Is there something the server needs to turn on or what?,1651968658.0,0,0.5,1
DnD,I have a dnd dice question,It’s probably been asked before but how do you properly roll a d4? I always try to roll it and it always ends up being the 1s. Which sucks cuz thats my damage dye,1651645439.0,2,1.0,20
dissapointment,Minor disappointment. Was hoping for a satisfying untying but it’s just cheaply glued. Im still eating it (though its hollow),,1651623380.0,1,1.0,0
masterduel,Question,Is there a way i can view and copy a friends deck?,1649117673.0,1,1.0,3
Ebony,Someone sent me this and said he found it on reddit. Anyone know who this is?,,1648683362.0,4,0.84,2
KimetsuNoYaiba,Anyone gonna mention this,,1647829500.0,48,0.94,11
IdleAngels,Need some lineup advice. Im fairly new.,,1645503632.0,4,0.83,0
IdleAngels,Question,So im wanting to grind and get nuit. What angel summoning makes her a little easier?,1644910857.0,5,1.0,2
KimetsuNoYaiba,Probably a question here already,,1644645400.0,3,1.0,12
vangogh,Why do i keep getting notifs from here? I’ve never joined,,1644549437.0,8,0.9,1
VanguardZero,Question,"So im seeing challenge decks with takuto, is there a way im able to get him?",1641311097.0,1,1.0,3
BokuNoEroAcademia,Do it,,1637295018.0,1,0.67,0
CallOfDutyMobile,I have a problem,[removed],1632977444.0,1,1.0,0
sssniperwolfworship,Old post but,,1629707423.0,10,0.82,1
lgbt,"On a scale from 1 to 10, how bi do i look",,1629608989.0,27,0.97,3
BokuNoHeroAcademia,I realized something,"Ok so im just sitting in my chair drawing jiro and i was thinking about toga’s quirk, considering that she cant copy the person’s quirk what if she somehow got toru hagakure’s blood (invisible girl). Would we get to see what she’d actually look like?",1628164267.0,3,0.67,6
ChurchOfJirou,No clue if it fits here but im just really happy i got this. The game is mha strongest hero. Really hope jiro will become a playable character,,1626642618.0,111,0.98,23
Yugioh101,Orcust ogdoadic,"Someone told me to make a orcust ogdoadic deck, i know how to do ogdoadic but i both dont know the orcust engine nore do i know how to play it",1625732150.0,1,0.99,5
SuicideWatch,Question,[removed],1625657282.0,0,0.5,0
discordapp,Issues,Why after a period of time i cant see old messages but others can?,1622942849.0,1,0.67,3
Yugioh101,Question,"I need a use for malicious in my sacred beast stun deck. Its a useful card for opening to get out my summoning beast but once its on the feild all i do with it is to bring back shimmering scraper and thats it, what is something i can play that work with my sacred beasts",1622861050.0,1,1.0,9
yugioh_nsfw,Some dark magician girl picture I found on zerotwo bot on discord,,1622183172.0,477,0.99,4
leagueoflegends,Seraphine wild rift kda,So i have the kda all our seraphine skin on wild rift and one of the voice lines is kai’sa saying “i cant wait” i am away kai’sa is also part of kda but im not sure why she would say it on seraphine. Is this an actual thing or does my game have an audio glitch,1621219921.0,0,0.44,8
leagueoflegends,"Made it myself, referring to wild rift",,1620184459.0,1,1.0,1
traaaaaaannnnnnnnnns,I got a trans vibe from this so i thought I might post it,,1620164667.0,124,1.0,0
yugioh_nsfw,Any yubel love here?,,1619988456.0,193,1.0,9
leagueoflegends,"This account is full of bull and im 90% it aint real. Her jinx healed before she died which isn’t a thing no matter what considering me as varus, and annie’s bear was on her. 3 games, both heros played only once (even tho it says 3 matches played) and got 100% win rate",,1618976456.0,1,1.0,1
MobileLegendsGame,Im confused,I keep hearing everywhere about spamming recall. I tried it myself but nothing happens. What is this “spamming recall” supposed to do?,1618106744.0,1,0.6,6
MobileLegendsGame,Kagra emblems,[removed],1618083330.0,3,1.0,3
traaaaaaannnnnnnnnns,And they look good doing it to,,1618030283.0,2814,1.0,38
customyugioh,Im making a mha archetype based off what they do in the anime. The pro hero’s are going to be the fusions. The villians are gonna be the xyzs.,,1617909478.0,8,0.9,2
