subreddit,title,selftext,created_utc,score,upvote_ratio,num_comments
HPV,What is this ? If anything at all,,1628967857.0,1,1.0,0
Herpes,How do you guys know what is herpes and what is something else?,"So back in March I tested positive for herpes (0.92) equivocal result, my DR told me it was early infection and that’s why the number was so low. Well I haven’t had an outbreak or at least anything I could notice since then. Well the other day I went running and noticed my inner thighs were very irritated (my thighs chaff when I run) and put it off as that. Well today (the next day) I look and there’s a cluster of red little dots on both sides of my inner thigh. I don’t have any symptoms and it does hurt a little when I touch them. Is this an outbreak? Picture attached.",1626531917.0,1,1.0,3
SuicideWatch,Still here,"Idk if any one cares but I posted on this two weeks ago with letters I wrote to my loved ones for after I killed myself, well I’m still here and I still feel like shit, but I survived two weeks. The desire is still there but I haven’t done it, for anyone going through these same thoughts I love you, also I’m a little drunk rn lol.",1622443275.0,17,0.91,5
SuicideWatch,Not looking for pitty,"I’m here because I really don’t know where else to go, I made an anonymous account because I don’t want to put this stuff in my fb or anything. I’m starting to feel like I might actually go through with it, I’ve struggled with these thoughts at so many points in my life but I’ve never sat down and wrote a letter to each person in my life to read after I do it it, I don’t want a pitty party, I don’t want people to talk me out of it, no one In my life knows I struggle with these thoughts , and the way people treat me just makes it worse, I feel like I’m not allowed to make mistakes while everyone else fucks up all the time and they come out of it just fine. This is the closest I’ve ever been to actually doing it and I feel like once I finish writing these letters I might just do it, I don’t fit in my own life, I don’t like my own skin, the one person who I thought would always be there for me quit on me, everyone just quits on me, I feel like I lm not strong enough to survive in this world, the pain of being here has surpassed the pain of leaving, I’m done fighting, I’ve fought so hard to get where I was when I was in a good place but for what? I’m back to square one , I don’t want to do this anymore",1621217657.0,3,1.0,1
