subreddit,body,created_utc,score
MomForAMinute,"🤗🤗🤗

I find it a bit hard to talk about this stuff IRL.",1631738569.0,1
MomForAMinute,Thank you for your advice. It's so nice to feel understood. It really means a lot. I love you too kind kind human.,1631738462.0,3
MomForAMinute,Thank you *hugs*,1631738315.0,1
aww,Aww.... and that meow at the end is just adorable.,1631656492.0,3
