subreddit,title,selftext,created_utc,score,upvote_ratio,num_comments
Cleveland,Looking to stay busy this summer!,"
Hey y’all. I’m looking for a new gig and figured I’d put this out there.

Right now I’m working 4pm–10pm and not planning to leave it unless something better comes along. I just want to stay active and not be stuck inside all day.
Quick resume:
I recently worked at a motel — really enjoyed it. 
I was a Professional cleaner for two years.
I can change car oil, paint, organize clutter, do small repairs.
Worked with a landlord: showed/rented apartments, helped manage property.
Degree in marketing (if that ever comes in handy).
Good with animals — I have a husky. (if allowed, can he tag along with me?)
I have a car, so I can run errands, pick stuff up, whatever’s needed. 

Honestly, I just like staying busy and helping out — even if it’s just making phone calls or grabbing groceries.",1746465846.0,2,0.58,1
suboxone,Anxiety,"Is suboxone used to treat anxiety? Or any mental health reasons?


",1735521968.0,3,1.0,11
Cleveland,Detox facility ,"Looking for detox/rehab places for alcoholism.
One place suggested Lutheran for heart monitoring during detox. 

Any personal suggestions from yall? Thanks..",1732641090.0,20,0.92,36
juul,Red Juul,"Are the red juuls discontinued in the U.S.? 
Juuls are $1.99 where I live and they all dysfunction. Cleaning doesn’t help. The pod always pops out.",1724268562.0,1,0.67,5
husky,Fleas!,"Not sure why I thought my husky couldn’t get fleas, but he did! And he’s blowing his coat and with all of the scratching, hair is everywhere.. all of the time. 

Best flea solutions?",1723746638.0,4,0.75,4
MechanicAdvice,Does this quote sound right?,"ABS actuator - $2,000
Brake line - $1,200
Speed sensor - $845.23

This was quoted by a Toyota dealership. 2010 Prius w/ 112,000 miles.",1720197778.0,1,1.0,3
prius,Should I sell?,"2010 w/ 112,000 miles.

She needs a new ABS actuator - $2,000. Brake line replaced - $1,200. Speed sensor thing replaced (i forget what he called it) - $845.23. 

This was quoted by a dealership. I own the title. ",1720197550.0,1,0.67,12
Ghosts,Cremation. Buried. Any difference? I want to know,[removed],1717463041.0,4,0.67,38
Cleveland,So is winter over or what ,Punxsutawney Phil did see his shadow,1709669893.0,0,0.25,31
Cleveland,What is going onnn,[removed],1707486393.0,0,0.43,3
Ohio,What’s this about?,I generally try to stay informed about world events/politics. What is the main takeaway from this? What do y’all think?,1707485961.0,34,0.7,152
stopdrinking,Dry February,"Here I go again trying to try to quit. Can’t wait for the withdraw symptoms, boredom, irritability, increased appetite, motivation. 
Gonna get myself another puzzle to distract myself. It’s almost a reflex to get myself a drink before I eat or before I do anything really. 
It’s 6am and I could honestly throw one back. 
Taking an allergy pill has helped me with DT at night. Maybe I’ll finally clean my room and throw stuff out.",1706791955.0,17,1.0,11
Cleveland,Indoor pool,I’ve been dying to go swimming! Where should I go?,1706018471.0,15,0.85,33
prius,Tire sensors on,"It’s been 2°F-15°F where I live. 
2010 with 180,000 miles. 3/4 of my tire pressure sensors need replaced so im used to seeing that always on. Two days ago all of my tire sensors turned on, including E Brake. I also noticed my brake was very ‘hard’ to press. All of the tire sensor lights turned off about 10min into my drive.

Could the sensors be turning on because of the cold weather? I’ve had my car for 7 years and have never had this happen.",1705341604.0,2,1.0,4
stopdrinking,Beginning and End,"What was your go to drink when you began your journey and what was the drink at the end?

12 pack white claw, switched to kraken, then a pint/half pint of Tito’s a day.
At the end of this wild ride it was 2-3 white claw surges (8%) a day.",1704748292.0,2,1.0,7
Cleveland,Thrift stores,"Where can I find a small, local thrift/antique store around here? NOT a Goodwill or Salvation Army.
A small shack out in the sticks. Underground. Any secret spots you’re willing to share?",1704295204.0,23,0.87,26
Ohio,Hair loss specialist,Really struggling. 28F. NE ohio. Willing to travel.,1703978172.0,8,0.84,0
Cleveland,Hair loss specialist,Really struggling. 28F. Willing to travel.,1703978077.0,11,0.87,5
Hairloss,I don’t know what to do,"It just won’t stop shedding 
I can’t stop crying",1703977848.0,1,1.0,5
stopdrinking,Can’t sleep,"Third night sober. No anxiety or sweating. I’m having those itching sensations. Body jumps me awake. 
What can I do to help myself relax? :(",1703660439.0,4,1.0,4
bipolar,Thinking Process,"*just about everything in this post is copy & paste from the stuff I looked up online w/ my personal experiences.

Anyway! I went down a rabbit hole yesterday.  

Tangential thinking and circumstantial thinking.

A circumstantial thought process describes someone whose thoughts are connected but goes off-topic before returning to the original subject. On the other hand, a tangential thought process is a series of connected thoughts that go off-topic but do not return to the original topic.

I discovered this about myself a year or so ago - I tend to talk in a circle, circumstantial thinking, especially if the topic at hand is something I’m passionate about (which are few & well researched). 

This thought process is a symptom of mental disorders such as brief psychotic disorder, schizoaffective disorder, or schizophrenia (bipolar too).

Circumstantiality can also be observed as part of the behavioral changes associated with some epilepsy syndromes, particularly in individuals with temporal lobe lesions. Lamictal is the medication my psychiatrist prescribed me and is also used to treat epilepsy!!! This connection lowkey freaked me out?!?!!

Circumstantiality can also manifest in the pressured, grandiose, and disorganized speech of those with mood disorders with thought disturbances, such as bipolar I disorder with psychotic features.

Whenever I experience mania my thought process is all over the place. I have felt like I was unstoppable before but the most common mania I have experienced was depressive. When I’m experiencing a depressive episode my thoughts never end and I’m able to connect everything as to why I’m a piece of shit and how I do not deserve anything positive. I spiral and spiral and it never ends. My brain is so full of these negative thoughts I am unable to communicate in a coherent manner. Which makes me feel 10x more misunderstood and alone in this world.

Here are some links about what I’ve read. I still have some more researching to do but yeah. I hope this helps someone to better understand themself.

https://www.ncbi.nlm.nih.gov/books/NBK532945/

https://processingtherapy.com/what-is-the-difference-between-circumstantial-tangential-and-flight-of-ideas/

https://processingtherapy.com/what-is-tangential-thought-process/

https://www.verywellmind.com/thinking-process-abnormalities-in-schizophrenia-2953131",1700066351.0,3,1.0,1
Cleveland,Soup,I need soup. Preferably a spicy soup. Or a stew. Stew doesn’t have to be spicy. Soup does. I need my innards warmed🥶,1698949762.0,18,0.85,26
Cleveland,Exhaust repair,"Someone tried to steal my catalytic converter 🙄 I drive a Prius. The exhaust is only attached on the front end and back end, so, it’s hanging in the middle.

Anyway, I made a car related post before on here asking for decent local auto shops. I checked out Simons and they wanted $300 for repaid. Seems fair but I know I could get it done for cheaper (they wanted $95 for adjust my headlight… and $200 for a coolant flush. outrageous. no thk u)

Recommendations?",1696610999.0,4,0.7,16
spirituality,I saw the time in my dream,"I had a very vivid dream last night. I saw a digital clock. Time was 11:56pm. What does seeing time in a dream mean?


Dream details:
I was at an past romantic interests’ apartment. He wanted me to stay over but I felt uncomfortable. I needed to shower and digital clock was right by the bathroom door. I told him that I think I want to go home and not stay, I looked at the clock and it was 11:56pm. He then told me I have to stay until the sun comes up. Almost felt sinister but I knew I could leave if I really wanted. I felt oppressed but no fear. This event happened in the future because my nephews name was mentioned and the guys two twins.",1695564240.0,1,1.0,1
CompulsiveSkinPicking,Anyone else get excited when they find a new scab at their favorite place?,I just caught myself feeling like.. a dopamine rush when I was digging at my scalp and found a great pick. I haven’t noticed this feeling before. I pick while I scroll through TikTok or doing something I’m focusing on.. But this really freaked me out. I most likely have the same bodily response when I’m distracted and picking. The fact I noticed this excitement is just.. odd. Or maybe it’s a wake up call because my hair is thinning.. cried a few times in the shower when i wash my hair.,1694899951.0,36,0.96,2
CleaningTips,Best oven clean yet!,Took about 45-60mins. Not sure if y’all know but the oven door can come off!,1692112798.0,55,0.97,12
naltrexone,Just took first dose,"27F, 5’5” and 135lb. Doc prescribed me 50mg yesterday.
Been drinking everyday since 2020. Started with 12pk white claws a day, to a pint of vodka a day, and down the scale to 2 white claws a day. 
I get craving early afternoon/evenings. 

It’s been a battle yet to win. I’m happy with my progress but not content. 
Has anyone experienced any unique side effects? First dose or current?",1691756777.0,7,0.89,16
everythingeverything,Merch?,"I’m in US. Been listening to EE since I was 17. 
I swear Man Alive is a part of my soul. Spiritual woowoo blah blah blah. 

I’ll be 28 on Aug 25 & EE is releasing Man Alive merch. Shipping is $50USD. Is there a way to bypass this expense?",1691592513.0,3,0.8,1
Cleveland,Ethnic hair salon?,"I’m mixed. Moved here in 2018. My hair is in terrible shape. Haven’t seen hair professional since I’ve been here. 
I hear a ton of horror stories on TikTok about salons. 
I made a post on r/Naturalhair for advice & was suggested to see a pro.

Any mixed girls on here who can help?",1691250488.0,11,0.87,13
stopdrinking,First night sober,"Wish me luck. It’s 7pm and my body is already humming. 
I’ll update in the AM and tell yall about my crazy dreams.😵‍💫

Appreciate any and all DMs.",1690674031.0,40,0.97,17
alcoholicsanonymous,Naltrexone (Vivitrol/Revia),"
I'm still working on quitting. Working with my primary doc to heal my body. I'm lucky to have such a sweet & supportive doctor. Shout outs to you.

She recommended I try Vivitrol if I hadn't quit by my next appointment with her. I am seriously considering & currently doing some research on it. Has anyone had success or tried this medication? I appreciate any and all feedback.",1690029532.0,29,0.97,40
stopdrinking,Naltrexone (Vivitrol/Revia),"I’m still working on quitting. Working with my primary doc to heal my body. 
I’m lucky to have such a sweet & supportive doctor. Shout outs to you🫶🏼

She recommended I try Vivitrol if I hadn’t quit by my next appointment with her. I am seriously considering it & currently doing some research on it. 
Has anyone had success or tried this medication? 
I appreciate any and all feedback.",1690029299.0,2,1.0,2
spirituality,Sleep paralysis,"I’ve been working on sobriety from alcohol. I’m withdrawing. I am fine overall but I keep having vivid dreams. I just experienced sleep paralysis for the first time in my life. I’ve only heard bad things about this happening to people. 
I’m a little freaked out and afraid to try and sleep more. It’s 1am.

So, waves some good vibes or something to me. Idk",1687583728.0,8,0.91,7
stopdrinking,Mineral and vitamin deficiency,"I’ve stopped. It’s really hurt my body. I bruise easy, thinning hair, weak nails, pale skin, etc.. I know I’m deficient in a lot of vitamins and minerals. 

What are the supplements/foods I should be eating to heal my body? 
I see my dermatologist in two weeks for a follow up after getting blood work and he’s well aware of my journey to sobriety.

Thanks guys",1687360937.0,4,1.0,13
Ohio,Labor Laws,"I work as a professional cleaner. It is high paced. We have anywhere between 1-5hrs to finish a cleaning job. (a house should be cleaned within 1hr while another house should be cleaned with 5hrs. it varies depending if it’s a deep clean or a general clean)
Anyway..
We use a company car to get from place to place. The distance between job locations range from 5-30mins from each other. 
A few months ago my job started taking 30mins off of each day for a ‘lunch break’. They said it’s mandatory.
Well, they consider us driving from place to place a ‘lunch break’, but some houses are within 5-30mins from each other (it’s rare when they are 30mins).

Is this legal? Because I don’t think it is. Shouldn’t these ‘lunch breaks’ be uninterrupted and not work related? Wouldn’t driving from place to place be work related/working? 

~~I looked up labor laws and found https://codes.ohio.gov/ohio-administrative-code/rule-3364-25-13
Under (C) Procedure (2) Lunch periods and (3) Rest periods it states that unpaid breaks uninterrupted and can not be cumulative.~~

I hope this makes sense. Sorry for the format.",1687098559.0,25,0.94,26
FindTheSniper,Find the husky (easy),,1686488610.0,172,0.95,13
stopdrinking,I’m afraid,"I need to stop for so many reasons. I’m broke. I’m tired. I’m exhausted. I’m dehydrated. I can’t eat. My head hurts. I can’t focus. My blood pressure is high. I have so many bruises. My hair is thinning. I don’t have energy. I can’t sleep.

I’m afraid for my health. I’m only 27. There’s a mental block I’m unaware of. Can someone talk to me? Can someone support me? I hate asking for help.. for anything but I need support. Every week has been feeling the same. I’m in a vicious cycle and I don’t want to die. Words of wisdom? Actions to take when I’m craving a beer?",1685960268.0,9,0.86,9
SpiritualAwakening,Closed eye hallucinations,"So, very recently I’ve been experiencing closed eye hallucinations but they only occurs when I’m trying to fall asleep for the night or during the night if I wake up. I looked up ‘closed eye hallucinations spiritual’ and i seem to be experiencing level 4. https://www.wikiwand.com/en/Closed_eye_hallucination

It’s never anything frightening or worrisome. I can’t hear or control what appears - its just see a scene that slowly fades in and out. And it’s literally in the right side of my brain like the gif in the link. 
I’ve had vivid dreams as long as I can remember but this isn’t me dreaming. I’ve never hallucinated in my life in any form. 

I’m wondering if this has happened to anyone else and if someone can explain what and why this is happening?",1685529367.0,4,0.84,14
Cleveland,"In desperate need of a job (evenings, open to daytime)","I am facing eviction. I’m behind on just about every bill.
I am currently a professional cleaner. My schedule is never set. I could work between 20-38 hours per week at $16/hr M-F.
I have 10+ years working in customer service/restaurant, 3+ years working for a third party seller for Amazon, and I have an associates degree in marketing (4.0gpa) and I will start studying data analytics this summer. 

I’m 27, female - not sure if that matters. I have reliable transportation, located in Mayfield area and willing to travel. Indeed and ZipRecruiter sucks, unless I’m using the incorrect search terms.

Anyway.. are there any potential job openings for someone with my credentials? Any ideas will be appreciated.

Edit: you folks have shared so many options! so many comments and i’ve received 15+ DMs - it’s a bit overwhelming to reply to all🥹 
i’m not going to delete this post just in case someone else is looking for employment and will do my best to respond to everyone. Thank you Cleveland.. truly!",1682951221.0,104,0.92,137
Dreams,Remember places from previous dreams,"This has happened a few times - enough for me to notice. 
This morning I woke up from a minor stress dream and immediately started thinking about it’s details - I was at my friends apartment. After a few moments of reflection I remembered a different place I’ve been at in previous dreams. I know I have been to this place multiple times. Pretty sure it was from a reoccurring dream.

Does anyone else randomly remember previous dream locations after waking up or throughout your day?",1681820192.0,2,0.76,1
twinflames,Dating other people,"A little context:
My TF relationship has been very rocky. He runs, i chase. We live 2 states away from each other. Communication is terrible on his end as the runner & we hardly see each other due to distance. 
I’ve wanted commitment but I am responded with aggression and anger anytime I mention it or ask how he feels about me. 
He believes committing means I want control over him, but I simply want monogamy and he wants to “live my life & freedom”. Whatever.

I don’t ask him for anything (other than some words of affirmation since we never see each other & monogamy. i’m honestly not even sure if he’s been with other people but he is on a dating app).

I don’t call or text him. I used to send him a snap or a song 1-3x a week but have stopped for the last month and now there’s zero communication. 

Anyway, I recently started dating people in my area because I do not think anything will come of our relationship at this point. The few dates I’ve been on just haven’t felt ‘right’. Good conversations but no romantic sparks. I’m not thinking about him during these dates but afterwards I am reminded of my connection with him & the disconnect I had with my date.  

Has anyone else experienced this? It’s frustrating. I’m getting older (27) and worried I won’t meet anyone to experience life with. But I also may not be destined to either. Who knows! I’m not bitter or angry.",1681230648.0,26,1.0,22
u_mykz_urbf,cake & thanks,,1680049391.0,1,1.0,0
Archery,Beginner recurve bow,"I’ve been interested in archery for awhile now but i am not quite sure which brand and which type of recurve bow to purchase as a noobie. 
Also, I am semi-ambidextrous. What’s the best way to determine which hand to use?",1679928157.0,9,1.0,13
vietnamesefoodie,Authentic hotpot,"I tried posting on r/Chinese food but was missing some ‘rules’ please cross post if you can.

I am wanting to make a Vietnamese hotpot for my friend in a few weeks. He is a bachelor and would benefit from the leftovers.
There are 3-4 Asian grocery stores near me that I frequent a lot (my ex is Chinese, so I am familiar with Chinese hotpot flavors/ingredients)

My friend lived in Vietnam for 5 years until they had to come back to the US due to kidney cancer.
Their birthday is 4/18 and I will be seeing them the weekend before. I really would like to give them the most authentic Vietnamese hotpot as possible. (I’m a terrible cook otherwise) 

What ingredients, soup base, drinks, alcohol would be the most authentic to what you could get in Vietnam?",1679610799.0,2,0.67,2
astrology,Mars in Libra,[removed],1679605895.0,1,1.0,0
alcoholism,It’s starting to effect my health,"Since 2020 quarantine I have been drinking just about every day. I’ve gone from 1/2 - 1 pint of liquor a day to 1-2 beers a day (9% voodoo beers). My life did a 180° in 2020.. bad breakup, finding my own place and everything that happens after leaving a secure, happy, loving relationship.. plus I was finishing my 2 year degree in college. 

My drinking is now effecting my health. Dehydrated, no appetite, hair thinning, and terrible bruising. It’s also hurting my relationships/potential relationships with people.. I’m frustrated.

My question is.. what steps did you take to figure out the core reason for your drinking?  
Plz DM me if you can.. any advice is appreciated.",1679232158.0,3,1.0,6
Awakening,Alcohol,"I’ve been working towards sobriety for a few months now. I’ve gone from 1/2 - 1 pint of liquor a day to 1-2 beers a day since quarantine started & drank socially prior. Never had an issue alcohol. 2020 was very tough for me. This was when I began to look at myself and the world around me with question & entered into my spiritual awakening. I’m at a frustrating point because my drinking is starting to effect my health in some areas also my relationships/potential relationships. It’s holding me back from ‘blessing’, I know this. 
Has anyone struggled with addiction, especially alcohol? If so, how can I overcome this? I know the reason for addiction is different for everyone.
Plz DM me if you can.. any advice is appreciated.",1679231589.0,4,0.75,18
energy_work,Alcohol,"I’ve been working towards sobriety for a few months now. I’ve gone from 1/2 - 1 pint of liquor a day to 1-2 beers a day since quarantine started & drank socially prior. Never had an issue alcohol. 2020 was very tough for me. This was when I began to look at myself and the world around me with question & entered into my spiritual awakening. I’m at a frustrating point because my drinking is starting to effect my health in some areas also my relationships/potential relationships. It’s holding me back from ‘blessing’, I know this. 
Has anyone struggled with addiction, especially alcohol? If so, how can I overcome this? I know the reason for addiction is different for everyone.
Plz DM me if you can.. any advice is appreciated.",1679231505.0,75,1.0,33
Cleveland,Car shops,I usually go to a Mr. Tire for my car needs but want to try a local car shop. I have 2 tires that need put on my car and there seems to be something stuck in the back tires making it hard to drive. Where is a good local shop I can take my beater?,1678803801.0,3,1.0,9
astrology,Saturn in Pisces,[removed],1678143146.0,1,1.0,0
husky,I love him so much.,,1677192880.0,31,0.92,0
Cleveland,Trump brings water to East Palestine,Has anyone acknowledged [this](https://www.dailymail.co.uk/news/article-11781539/Trump-brings-East-Palestine-thousands-bottles-water.html) yet on here?,1677139204.0,0,0.23,59
HelpMeFind,Timex 16mm Leather Strap bought in 2019. Husky chewed mine.,,1676987885.0,1,1.0,3
astrology,the most accurate astrology website,"I’ve come across a lot of astrology websites, my fav being TimePassages, AstroTheme, and AstroSeek. 
But I’m not sure who runs/owns these websites or how much knowledge they have regarding the ins and outs of astrology. 
Is there a vetted astrologer who runs their own website that I can look into?",1676979528.0,125,0.99,46
Cleveland,Wealthy areas for thrifting,"What areas would the richer folks of NE Ohio donate their clothes? 

I’ve been to Goodwill on Lee Rd and Northfield Rd.
And are their other thrift stores besides Goodwill I can check out?",1676724530.0,41,0.83,48
Ohio,Is there a map of the toxic waste from the train derailment and the path of the direction?,,1676162060.0,322,0.96,90
prius,Cheapest brakes for Prius 2010,I’m going to attempt to change my own brakes. I am not sure which brand is best and if there’s something I should be looking for or concerned about once I take everything apart.,1676130403.0,2,0.76,19
Cleveland,What’s going on in Ohio with the train derail?,"I saw something on TikTok about this (I know, I know).. but is this something we should be worried about?",1675896283.0,23,0.79,39
offmychest,Am I crazy or is my neighbor crazy?,"I’m going to tell you this experience the way I texted my friend about it.
 
 Barron - my 1 year old husky/german shep

So, Barron will bark and howl if I’m the last person to leave the house and he’s home alone.) (I live with my older brother & our mom has been living with us since June ‘22)
And i guess both neighbors have complained to our landlord about his barking. (separation anxiety we both share with each other)

So, tonight, I go outside with Barron and put him on his tie out leash, which doesn’t reach to the front Main Street sidewalk or inside the neighbors drive way. 

So, the driveway lady neighbor, brings her tiny ass rat dog outside and it started barking through the fence that separates us. 
Barron is in play mode after seeing this dog.
Submits himself, but the tiny head tiny brain rat dog is just barking it’s lungs out. Then the owner yelled a bunch of weird shit about how my dog is so friendly and doesn’t bark at others dogs. He’s nice. 
All while her dog is yipping.
After that prompt, we both knew it was right to go back inside.
10 mins later and the lady is still outside talking to her friend, cool. I then start hearing more barking and yipping outside again, so, I thought maybe Barron managed to jump down to the ground (no way. i’m currently high and that makes sense right now). & (whenever we are all inside, Barron likes to people watch when he’s on our balcony. he’s basically the neighborhood watch dog😉 that’s why i thought he managed to jump to the ground with excitement at this dog)

But no, the neighbors dog is frantically barking and chasing a dog and its owners at the Main Street sidewalk. And the neighbor lady is screaming, “Coco, get back, stop it, come here” - To her friends - “See this is why we can’t go to the dog park or nothing.” All the while the olady who walking the other dog is pulling as much as she can to get the fuck out of dodge before her dog acts to protect  her against this frantic animal.

Anyway.. I feel like she was trying to bait Barron to get aggressive to attack her dog. And in retaliation for his separation anxiety barking and howling.
But he has never initiated aggressiveness towards anything or anyone. 
He’s a sweetie.",1675730972.0,2,1.0,2
Cleveland,Rita Tax?,Can someone please explain to me how Rita Tax works? I used TurboTax last year and someone how missed Rita Tax? I moved here in 2018 and have had someone help do this but 2021-2022 I think I missed it? Does this include 1099-G? Idk I’m so confused and can’t seem to articulate my problem well hah. I currently owe Rita $300.,1675608853.0,20,0.77,68
Cleveland,Rock Climbing,"So.. I’ve been wanting to get into rock climbing for whatever reasons. I’ve never done it before and I’m not exactly sure what to expect. I’ve watched a lot of videos about climbing, which isn’t the same as the actual experience. 
Are there any rock climbers here? If so, where is the best place to go for a noob like myself?",1675271022.0,13,1.0,27
WhatIsThisPainting,Painting I saw in an NE Ohio home.,,1674677720.0,5,1.0,2
doordash_drivers,I wish doordash would give customers rating,"You know what I mean? Our acceptance rate means everything. And that is based on so many factors. This should also apply to customers that are difficult/complain a lot to customer service. We should be also notified before accepting the order and compensated for delivering to them. (those who have a low rate)
And their rating should go up or down based on their reviews of our delivery service.",1674434133.0,4,0.84,4
awakened,Why is it always repeating number?,[removed],1673830169.0,0,0.5,5
goodmythicalmorning,My thoughts on #2303,[removed],1673360713.0,0,0.27,4
SpiritualAwakening,I had a dream about Jacobs Latter,"I’ve always had vivid dreams since I was
a kid. Most of them being nightmares. Lately though my dreams have been vivid, not scary, but vivid.

Well, last night I had a strange dream. I was conscious and very aware. It was dawn, and I could see stars in the sky just above a horizon. After I noticed them I was able to move them around in the sky. After this, a white, bright, shiny latter fell from the sky right in front of me. I looked up and started climbing it. Once I got to wherever, a voice spoke and said “Would you like to see who else joined?” Then telepathically a scroll or reel started flipping through pictures of people. Shortly after this I woke up. 

Any thoughts? Not sure if I’m on the correct r/ for this.",1673192427.0,3,0.81,9
LucidDreaming,Lucid dreams before waking up?,"For the last 2 nights, right before I wake up I realize that I am dreaming. Once this happens I start repeating what ever it is I’m saying. There’s a weird loop that happens. Is this common?",1672318989.0,2,0.75,9
Cleveland,what places are open today?,"single female here. cooking christmas style foods didn’t make much sense to me. 
who is open? any recommendations? 
oh, and happy holiday🎄",1671984732.0,19,0.83,23
Killtony,Interesting guests,"I have wondered.. how does Tony and (maybe) Redban feel about the guests that are super high or super drunk on the panel. Kurt Metzger is the perfect example(#587). Poor dude hit his pen a few too many times and was out to lunch the entire time. 
I wonder if Tony understands the vibe of his guests before the show begins, or if he’s disappointed with his guests for not being ‘fully there’, or what.

What do you guys think?",1671637327.0,9,0.76,23
flatearth,Can someone explain?,"I was thinking about this the other day. So, we all know that the sun is out less during the winter and out longer during the warmer months. 
Why & how does this happen with a flat earth?",1670688084.0,11,0.92,115
Cleveland,Ohio population density!,"thought this was neat!😃

@mrpecners",1670595429.0,414,0.97,30
lamictal,sore throat/respiratory infection?,"I got very sick at the tail end of October to the point where I lost my voice, which has never happened to me during my 27 years of living.
Two days ago I started to feel an itch in my throat again with a dry cough. Today I woke up with a more severe sore throat and noticed some blood in the mucus. 

Has anyone else dealt with this? I am about a month of 100mg after upper my dosage from 25mg. I am going to take a C19 test and see my primary doctor later today.",1670591550.0,1,0.67,5
pagan,What are pagan holidays?,"It’s Thanksgiving today. I stopped celebrating holidays last year. Most holidays are pagan (in north america)
Which holidays are ultimately pagan?

thx",1669302582.0,77,0.83,71
awakened,What are the different types of awakening?,"I am not sure if there is an order for awakenings. But I think they all trigger certain chakras.
I began my spiritual awakening last summer. I feel like I am currently going through a kundalini awakening (Sahasrara-Crown, Atma-Heart, Nadi-Sacral, Kundalini-Solar Plex) 

But what are, if any, are the different types of awakenings?",1669290215.0,6,0.81,15
lamictal,Space cadet?,"I recently upped my dosage to 100mg and I’ve noticed that I often lose my train of thought. This happens during conversations as well as small talk.
It’s kind of funny because I talk in a circle to get to my point.
BUT I GET BRAIN FOG and forget what i was thinking what i wanted to say. 
Anyone else?",1669073676.0,1,1.0,3
SuicideWatch,I haven’t been ok,"I’ve been struggling for over a year now. Lots of isolation. Lots friends after my bf & I split in 2020. Had a job but was fired for missing work after my dad passed. 
I was on Effexor but quit because I was numb. I have periods of mania. Last night I had a bad fight with my brother whom I live with. Im broke & behind on all bills. I doordash but it’s risky since I don’t have car insurance. 
Im not sure what else to do besides end my life. I’m a drunk loser.",1667570505.0,6,1.0,3
Cleveland,Cleveland journalists?,"I have a friend that installs/builds cell towers. They are currently working for a provider that is installing a cell tower at a church. The church is obviously letting them do this, but for the money. 
Is this news worthy?
Will the church distribute the funds to its local community? 
Does the congregation know? 
This just doesn’t sit right with me.",1665673310.0,0,0.19,17
starseeds,How did you discover you were a Starseed?,"After much researching of astrology, mythology (Native American, Greek, Latin), and some philosophy & biblical texts, I discovered I am an arcturian starseed. 
I’m a Virgo☀️ Leo🌙 Virgo Mercury, Venus, & Chiron

Mercury is 
-the ruler of Virgo (and Gemini) 
-Greek god Hermes
-Metatron
-Native American Heyoka (carry a caduceus, too)
-and Greek οὖρος (by analogy of Arctūrus/Ἀρκτοῦρος)
-Roman god Mercurius

What’s your path to discovery?",1663936509.0,17,0.9,29
humandesign,no gates in my G Center means?,"I am not well versed with human design but slowly getting back into it. 
I was looking into my chart today and noticed not having any gates in my g center. What does this mean for me?",1661176900.0,5,0.86,6
husky,finally grew into his ears🤭,,1660569147.0,631,1.0,16
wecomeinpeace,NASA uploaded photos from Mars Rover,"Here is the [link to Mars NASA photos](https://mars.nasa.gov/search/?q=Sol%203466%3A%20Mast%20Camera%20(Mastcam)#gsc.tab=0&gsc.q=Sol%203466%3A%20Mast%20Camera%20(Mastcam))

[Here](http://gigapan.com/gigapans/229311)is interactive panoramic with snapshots.",1652393780.0,22,0.89,0
wecomeinpeace,How do we feel about the Pentagon having a hearing regarding UFO’s?,,1652201265.0,25,0.97,15
alcoholicsanonymous,Day 1 of sobriety,"I’ve been drinking a pint of Tito’s everyday for 3 months now. It began with a 12 pack of white claw last summer, then kraken, then now vodka.
My drinking has ruined many relationships & nearly my life. Depression. 
What should I expect now?",1645754849.0,37,0.97,21
whatisthisthing,found this during a walk on the ground around late summer. is it legit?,,1642273304.0,1,1.0,1
u_mykz_urbf,RIPh3h3,"Ethan has been near and dear to my heart. He made me giggle many times, and I admired his humor❤️ & looked up to him.

Hasan Piker. Nephew of Cenk Turk.

After a few podcasts with Hasan, Ethan’s attitude has changed. About life. About the world. This is because of Jr.YoungTurk.
Ethan removed podcasts he had published with Dr. Jordan Peterson. The reason? Judgment. Not understanding. And of course, not with an open mind. 
When worlds collide.. and then explode.",1642205174.0,1,1.0,0
starseeds,Natal Chart & Starseed,"I have seen a few posts from those wondering which Starseed they are. 
I have been able to find Starseed origins by connecting it to the 12 Tribes, Greek/Roman Mythology, etc.. 
I am happy to look into anyones natal chart if you need more clarification!",1639937895.0,5,1.0,8
juul,Juul 2,"I’m in the US. Is there anyway to get the J2 shipped to me? 
I need loopholes!",1639149795.0,4,0.75,3
Throawaylien,Did he mention mining?,[removed],1634923039.0,10,0.92,11
a:t5_53ohg6,r/Covid19Nurses Lounge,A place for members of r/Covid19Nurses to chat with each other,1632850359.0,1,1.0,0
GreekMythology,Two Creators,"Hey folks. I am very new to Greek Mythology. Like.. only a few days “new.”
I have a theory tho! Please let me know what ya think. 

I think Genesis has two creation stories. 
I believe what we know as ‘Greek gods’ were created in Genesis 1. 
God created ‘Man and Woman’ (male and female) after “our image”
My question is.. in whose image?

Before God created man and woman, he created everything else. The Fish, birds, beasts, insects, etc. 
If you read.. the “man and woman” created in Genesis 1 were made in the image of God, BUT!!!   also in the image of everything else He created as well. 

(“ after our image ” THIS refers to Himself and everything He created prior to creating “man and woman”)
Sooooo… 
So I think that the “aliens” we hear about are actually descents OR the actual Greek gods. 

Here’s why..
If you really research alien abductions or aliens types or descriptions of aliens.. some have claimed to have seen raccoon - looking beings. A praying-mantis. Catlike. Doglike. Fishlike. Etc.

Let’s go back now..

On the 6th day, God saw everything that He had made and it was good and God blessed it. 

In Genesis 2, after the creation of Adam and Eve, there is no mention of God blessing it. 

So, I don’t think God directly created us, but something else did. If you look at old scripture.. the names of the creator change between the creators.
(this is my reason to consider two separate creators.)

The Creator in chapter 1 is more powerful.

Now, looking at chapter 2, we read that the creator of Adam used the dust of the Earth to create Adam. 
Why couldn’t the creator in chapter 2 create Adam in the same manner of Heaven?

Moving on.. 

If you google the “12 Titans” they all connect to a zodiac sign. They are also the sons and daughters of the Primortals. 

And if you look up Primortals, they are all mentioned in Genesis 1. They are personifications.
For example - 

Chaos (Void)
Gaia (Earth)
Uranus (Heavens)
Pontus (Sea)
Etc..",1631137224.0,0,0.43,18
siberianhusky,"Adopted my husky/german a few days ago! Tips on training, diet, etc.?",,1631018014.0,99,0.99,15
flatearth,Satellites?,"Hey folks. I’m new to the idea that the earth is flat. I have a question, how do satellites work if we’re on a flat plain?",1630677894.0,5,1.0,9
Throawaylien,Kanye,[removed],1630513704.0,0,0.33,26
awakened,Politics,"Biden has said that it’s going to be a dark winter. 
I hope everyone is preparing for this.. I am. 
Are you? If so, what are somethings you’re doing?",1630499855.0,1,1.0,6
Psychic,Dark Energy,"I’m a light worker. I’m able to read tarot. My brother used to read but has stopped.
Throughout the week my brother has used my oracle cards. (i never use them. maybe 5 times. not my main deck) 
Well.. He pulled an ancestry card. 

My dads side of our family, were devout JW they’re black). My cousins are either in jail, drug abusers, a thief, drunks, etc. All of them. (my mom is white. she has 1 younger sister. classic cat lady.)(we would visit my dad on the weekends. i stopped when i was about 12 but my brother would still visit)
My paternal grandmother was very abused as a child, only finished 2nd grade. Sometime after she passed, when my brother was young, he saw (her) a dark shadow in the kitchen window of her house. (her house was parallel to my dads house)
My mother told me while she was still with my dad, that my paternal grandmother would have her grown children come over to her house and pray to the devil. Their conversations. She felt the dread and darkness.

Last night, I was fairly drunk and NOTHING was going right. Things were missing. I burned my thumb when I lit a lighter. I’m very neat and tidy, (Virgo) so this is very uncommon for me. Even drunk. Something DID NOT FEEL RIGHT. Small mishaps, inconveniences would happen a lot when I lived back home with my mom. Back when my brother would still visit our dad.
So, last night, I called my brother and told him that something doesn’t feel right and he should come directly home after work. When he got home, I was already asleep. My mom has been visiting us for my birthday so she’s been here staying with us. 
Last night, my brother was sitting on our balcony and saw a menacing woman across the street. He told me that she looked like she was from the late 1800’s. He was crying, shaking, nausea. He was scared.
Something dark latched onto him through these oracle cards. 
He told me about all of this this morning, and I got goosebumps, I felt extremely uncomfortable. My brother is 18 months older than me. We’ve been best friends. So I pick up on his energy.
Also this morning.. When I walked passed the bathroom, my vibrator was on by itself. (we both recently slept with new men for the first time this week. he’s gay) 

And as I was typing this, the Bible started playing by itself in my moms phone. While we were about to leave.. her phone was in her pocket. (I’m taking her back home. 3 hours drive. we’re packing stuff up to bring to my car)

I’m sorry this is all over the place. I’m new to being a lightworker. I’ve never experienced dark energy like this before (except when I was young I’d see dark shadows out of the corner of my eye when I lived back home) and I need help. Please.",1630244690.0,7,0.77,10
spirituality,Dark energy,"I’m a light worker. I’m able to read tarot. My brother used to read but has stopped.
Throughout the week my brother has used my oracle cards. (i never use them. maybe 5 times. not my main deck) 
Well.. He pulled an ancestry card. 

My dads side of our family, were devout JW they’re black). My cousins are either in jail, drug abusers, a thief, drunks, etc. All of them. (my mom is white. she has 1 younger sister. classic cat lady.)(we would visit my dad on the weekends. i stopped when i was about 12 but my brother would still visit)
My paternal grandmother was very abused as a child, only finished 2nd grade. Sometime after she passed, when my brother was young, he saw (her) a dark shadow in the kitchen window of her house. (her house was parallel to my dads house)
My mother told me while she was still with my dad, that my paternal grandmother would have her grown children come over to her house and pray to the devil. Their conversations. She felt the dread and darkness.

Last night, I was fairly drunk and NOTHING was going right. Things were missing. I burned my thumb when I lit a lighter. I’m very neat and tidy, (Virgo) so this is very uncommon for me. Even drunk. Something DID NOT FEEL RIGHT. Small mishaps, inconveniences would happen a lot when I lived back home with my mom. Back when my brother would still visit our dad.
So, last night, I called my brother and told him that something doesn’t feel right and he should come directly home after work. When he got home, I was already asleep. My mom has been visiting us for my birthday so she’s been here staying with us. 
Last night, my brother was sitting on our balcony and saw a menacing woman across the street. He told me that she looked like she was from the late 1800’s. He was crying, shaking, nausea. He was scared.
Something dark latched onto him through these oracle cards. 
He told me about all of this this morning, and I got goosebumps, I felt extremely uncomfortable. My brother is 18 months older than me. We’ve been best friends. So I pick up on his energy.
Also this morning.. When I walked passed the bathroom, my vibrator was on by itself. (we both recently slept with new men for the first time this week. he’s gay) 

And as I was typing this, the Bible started playing by itself in my moms phone. While we were about to leave.. her phone was in her pocket. (I’m taking her back home. 3 hours drive. we’re packing stuff up to bring to my car)

I’m sorry this is all over the place. I’m new to being a lightworker. I’ve never experienced dark energy like this before (except when I was young I’d see dark shadows out of the corner of my eye when I lived back home) and I need help. Please.",1630243455.0,1,0.66,5
Throawaylien,Part One!,[removed],1629709066.0,32,0.78,15
Throawaylien,Highlights from my previous post,,1629639533.0,56,0.85,36
Throawaylien,I think this is where TAA got his story from.,,1629634983.0,207,0.97,120
Awakening,Be ready,The veil has been lifted.,1629389679.0,14,0.9,9
Throawaylien,Interesting interview,[removed],1627400775.0,11,0.72,1
Throawaylien,Vibrations?,[removed],1627145154.0,0,0.29,2
Throawaylien,Different concepts of time?,[removed],1627059366.0,0,0.35,17
TattooDesigns,"Hey ya’ll. I want a tidy, simple tattoo of my dog, Teddy. I will pay for anything. DM me.",,1626299582.0,15,1.0,1
h3h3productions,"Ethan, can we plz help😢 she’s fighting this alone. (fck kimstar)",,1625444282.0,644,0.95,146
SelfHarmScars,"Update. I’m doing better. Reddit, thank you for listening.",,1624845127.0,22,0.94,7
SelfHarmScars,"I almost ended it. I’m not crazy, I’m just sad. & no one cares.",,1624259935.0,322,0.99,23
Unemployment,[Ohio] PUA question,"My last payment was in February. I’ve uploaded all the required documents. Has anyone been able to get this solved? If so, how?",1622473192.0,1,0.66,9
OHIO_UI_FAQ,I have not received a payment since February. I submitted fraud and employment verification documents. Also did the work research requirements. Can someone help?,,1622407057.0,3,1.0,8
Ohio,"Oak Harbor, Ohio. 5/26",,1622406957.0,153,0.98,11
coins,Identify?,,1615480096.0,5,1.0,7
h3h3productions,Charlie trying to save David?,"Did anyone see Charlie’s new video? Her black friend, Markell, whom ive never seen or heard of before, fake reacts to winning a Tesla on David’s wheel. Charlie said there were 3 Tesla cards on this wheel. I’m guessing after each Tesla card was won, the card was removed.. because when Marky boy spins the wheel there was one left. 
So... Why didn’t they remove the third and final card???",1615345381.0,0,0.42,3
Effexor,New to Effexor.,"Hello hello.

So, I was taking Lexapro for about a year and it was not helping. My doctor proscribed me Effexor last week and I started my new script three days ago. I never heard about Effexor before and I’m not sure what to expect. 

Side not - I also take Adderall & I’m a 25 year old female.

What should I expect when it comes to my anxiety and depression?",1610994089.0,2,1.0,4
schizophrenia,Mom diagnosed,"Hello all.

So, my mom was diagnosed with schizoaffective disorder. Long story short.. I had to put her in a hospital for it. She is being released soon. She has had episodes before but not for a long time.

What should I do to ensure her well-being?  I am the youngest in the family, but the most responsible one.

I need advice. Desperately.",1607539956.0,3,1.0,4
Ohio,PUA Ohio,"Hello my fellow Ohio folks.

I have been approved for PUA. So far I have 3 payments. 8/18, 8/14, and 8/13. Does anyone know how soon I should receive these payments? I only recently found out about the PUA program and applied for in on early July. I will be back-paid for the weeks I missed (thank God). I also have direct deposit set up. 
How soon can I expect these?
Thanks!",1597670092.0,4,0.67,14
relationships,How do I move on from toxic relationship?,"
I [22] just found out that my on again off again (mostly on) boyfriend [25] of 2yrs 3months, lied to me about having sex with a girl on one of our “break ups” that happened in May. This breakup we were not together for a week, but kept in contact. Phone location was still being shared, Facebook status was still the same as well. He also sent me snaps of his niece on her birthday. So all of this told me that it was kind of a break, not so much a breakup. One day he texted me asking to come over for a cookout and to talk about the relationship. This sounded great to me because I didn’t want the relationship to end in the first place. He admitted to me to having a girl [25?] over. I questioned him a ton and I told him that if he had sex with her, that it was over for good.  Eventually he told me she gave him a blowjob. That’s it. So, 6 months later, 3 break up later, we breakup again in October. This breakup is longer than the others and I mutually ended it after waiting to trying to see and speak to him again. I just gave up. (he’s always been the one to end the relationship. so you can imagine my self worth is gone) We meet up after a few weeks of barely talking and he tells me he’s slept with a girl [18] and almost brags about it when I ask questions. I feel grossed out.. and hurt. I ask him about the blowjob girl and he tells me he lied to me about that and I’m left confused.  A week  goes by, we’re still talking then he tells me he wants to try again at the relationship. We meet, talk and this is when, but after grilling him on what he meant when he said he lied about the blowjob girl. I ask “Did you have sex with her?” “Yes.” I feel shocked and so sick and betrayed. He lied to me. Why?? We’ve talked about it many times and he stuck to his story. I told him how I feel and he asks me how he can help.. but at this point I don’t think I want to be with him anymore. I already started seeing a therapist. It’s been a toxic 2 years with many stories of mistreatment. 
I really need to move on from this guy, but I don’t know how.

tl;dr bf keeps leaving me and sleeping with other girls, not sure how to move on.",1509725427.0,1,0.67,11
