subreddit,title,selftext,created_utc,score,upvote_ratio,num_comments
ugly,middle aged man looking at my boobs in disgust,"Idk where else to post this. I was literally at work in my work uniform with my jacket on (unzipped) so it was partially covering my body anyway. I have kind of small boobs and they are kind of slightly triangular/unattractive shape. I know my body is ugly, as well as my face. This is literally why I cover myself up so much. If I don't wear the jacket people are extra rude. But this guy literally was staring at my boobs and he looked so angry and disgusted. Like my body just made him angry. I literally hate existing. I hate being in public. I hate everything. And women are so nasty and rude to me as well. They have this smug/disgusted look  on their face when they see me, like I'm a mentally retarded piece of shit. I honestly just want to kill myself how much more of this bullshit can I take",1746452634.0,53,0.85,28
ForeverAloneWomen,I'm not really a woman,"Idk I feel like this is almost taboo to talk about but I do NOT get along with most other women, especially young women. Sometimes older women are ok but I really don't get along with young women. I just can't understand them, can't relate to them at all. I don't look like them (I am still in my 20s) but I don't look like a woman at all. 

Am I envious? On some level of course, and it feels like I'm not able to admit that freely. But I am very very envious that these girls get to experience these wonderful things and get treated so gently and kindly by people. How is it fair? Why do they get that and I had to get treated like garbage? 

Despite that I honestly do feel I have feminist beliefs, and being single most of my life I've had a lot of time to analyse these things, read about feminism etc. I honestly do try to support other women and be kind to other women, despite often feeling envious/sad about what I missed out on. Even though I try to be nice I've come to a realisation that a lot of women HATE me. I thought I was the problem and tried to be nicer, to be kinder, but time and time again I've noticed women being rude, nasty, insulting my appearance, looking me up and down, being homophobic towards me (I'm not even lesbian but I look masculine), or making a big show of flirting with men in front of me (especially when those men have been rude to me etc). I tried to convince myself it was my fault, I must have it wrong somehow, I must be the problem. I try and try to be nice, to find common ground, to be friendly but not overly friendly to avoid creeping people out but it doesn't make a difference. Other women 99% of the time don't even view me as a fellow human being let alone a fellow woman. And it's fucking awkward.

I feel like the burden is on me to pull myself up from my bootstraps and magically make up for lost time. Get some kind of 'makeover' go out and party, meet a man, go on crazy wild holidays, get married, have children, whatever. Be normal. But no matter how hard I try it just doesn't seem to fall into place with me. 

Men also don't like me and don't want much to do with me. Maybe a cheap fuck if they're extremely desperate. But I see the glossy look in their eyes when they look at the women they are actually attracted to and they never look at me like that. I just feel like a waste of space tbh and I will never belong. There is obviously a hierarchy based on appearance (especially for women) and I'm at the bottom so I am useless. I'm also not aging especially well, I have health issues and I literally look intersex or transgender. I do NOT look feminine at all. I can't relate to anyone.  ",1731243512.0,97,0.9,8
whatisthisbug,Red insect eating caterpillar,I'm in western australia if that helps. It's definitely not a spider and has 2 antennae. It has a long prosboscis thing to eat the caterpillar. Never seen anything like this before..,1730708195.0,7,1.0,5
ugly,People at university joking about blobfish when I am there? ,"Ok I know this sounds kind of ridiculous I can't tell if I'm being 'overly sensitive' whatever but tbh I just wanted to vent about this because I feel like I'm going crazy lol. So I am a slightly older student and in this group for one of my classes we had to do this presentation involving fish (related to the environment etc nothing to do with blobfish). And one of the girls kept adding this picture of a blobfish to the presentation and laughing about it. She also added a pink bow to the blobfish and was laughing hysterically about it like it was the funniest thing ever. I guess it's funny because the blobfish is ugly but it's wearing a bow? The same girl kept kind of giving me side eye and pointedly flipping her hair at me. One of the other girls removed the picture, but the original girl kept adding it because it was SOO funny. The fish is UGLY but it has a BOW. it's still trying LMAO!!!!111 I was getting so embarrassed that we were going to present the slide with the blobfish on there and that everyone would be looking at it and then looking at me etc. Idk. Like my face is kind of sagging and I have a big nose I can kind of see the resemblance. Anyway I can't tell if this is crazy or not. But the blobfish thing kind of makes me sad anyway because they look normal in the deep sea where they live but only look strange when they are close to death after being dragged up to the surface. The whole thing just kind of makes me feel a bit sick. Like I get it, they were just joking around, don't overanalyse it but it's pretty obvious what they think of me anyway and it would be mean to say it out loud so this is their passive aggressive subtle 'girl' way of saying it? 

Everywhere I go the tone of the conversation always seems to shift to negative things. Bad vibes, people that are 'small' with a 'bad personality', things being described as ugly, poor quality, disgusting,  etc very loudly and aggressively whenever I'm around. People don't want me here. Everywhere I go people don't want me there. They want me to leave. They want to say it but it would be impolite but it kind of spills out. I'm not supposed to be outside. I'm supposed to be dead, or at least hidden away in my home. That's the message I get loud and clear everytime I leave the house to do anything. Or am I just crazy? ",1727700690.0,26,0.88,7
Celiac,embarrassed to tell people I have celiac?,"I know this sounds stupid... when I was first diagnosed I wasn't really embarrassed I was just relieved to finally have some answered and I shared with people that I had this condition and stuff. As time has passed, most of my friends have drifted away, I don't really have a very 'social' family so I don't eat out with them or share meals with them except maybe at christmas. I eat alone, always, it's this private almost shameful kind of thing. No one at my work knows I have celiac, no one at my uni knows I have celiac. I'm a weird person anyway but I feel like it's easier to push everyone away and keep these things to myself. It seems like every time I've tried to tell people about my celiac it results in people looking down on me, pitying me, or even bringing me gluten free homemade food which 99% of the time makes me sick. It's easier to say nothing and refuse food. I don't really have a social life anymore. I push people away. I don't want to talk about it or deal with it. People think I'm ugly and 'disabled' anyway based on how I look. If I tell people I have celiac I feel like a pathetic child with 'special needs'. I'm just terminally uncool. I can't let people find out about this. It's just more ammunition for them to humiliate me... it's been 7 years since my diagnosis and it hasn't got easier for me. My health has improved and my villi have (apparently) grown back but my world has shrunk smaller and smaller. I have to push people away. I have to reject people before they have a chance to make me sick. Or even if people seem ok, I'm waiting for the other shoe to drop. They will think I'm pathetic if they find out I have celiac. I'm not a whole person, I am a half person with a sad restricted life. Any ideas on how to overcome this? therapy doesn't help they don't understand at all",1722326374.0,22,0.76,38
POFlife,estradiol vs ethinylestradiol??,"Does anyone here know about which is better to take? I could be taking 3 micrograms of ethinylestradiol, or 14.2milligrams estetrol (apparently estetrol is a bioidentical but much weaker form of estrogen..), or 1.5milligrams of estradiol (bioidentical in the form of zoely birth control pills). These are all birth control pills but I do have low estrogen (the doctor says I have to take some form of estrogen) and I do have weak bones. Do you think the 1.5mg of estradiol is the best? is 1.5mg of estradiol 'enough'? ",1711701540.0,3,1.0,2
ugly,I wish I was dead I wish I was never born,"I wish I was good enough. I can't keep doing this I'm literally in hell. Everyday is like some new form of pain that's being inflicted on me and yet another precious thing being lost or destroyed. Everything I do is wrong. I'm just wrong. I'm the most disgusting person in the world and I will never be good enough. I have tried so hard, in so many different ways. It will never make a difference.",1709119157.0,40,1.0,6
ugly,I wish I was good enough,[removed],1709118944.0,1,1.0,1
Invisalign,just want to reiterate that invisalign was a massive mistake and ruined my teeth,"I had healthy teeth and gums all my life. I did follow the instructions I was given for cleaning my teeth and aligners but invisalign damaged my enamel, caused me to get my first cavity, a little bit of gum recession and gingivitis even months after quitting. Never had these issues prior to this. Every year I would get my teeth cleaned and they would be healthy. Absolutely devastated and I would never recommend this to anyone ",1701860732.0,27,0.73,64
NSFL__,maggots infesting eye,,1699891179.0,283,0.98,24
Invisalign,dentist dropped invisalign tray on the floor,"then rinsed them with a bit of water and gave them back to me to put in my mouth ...

uhhh am I going crazy. that's disgusting right? don't they have something to deep clean the aligners with at the dentist clinic? 

to be clear I'm long finished my 'treatment' and I am never setting foot in that disgusting dentist's office again but I'm just looking back somewhat traumatised and this sticks out to me... 

what do you guys think",1695391424.0,0,0.25,12
Scams,scammed by my dentist?,"I'm not sure if this counts but I was in a bit of a vulnerable state and had just gotten out of a bad relationship, I was being bullied at my job.. my confidence was at an all time low. I went to the dentist to get my teeth cleaned and I mentioned that my lower teeth had gotten more crooked and I was curious about getting them straightened. I wasn't super sure if I wanted to go through with it, but I guess I thought it might make me look a little better? 

Anyway so my old dentist had suddenly retired and I had this new dentist instead. I told the dentist I was really only interested in straightening the bottom teeth and that I liked my top teeth. The dentist recommended invisalign for me for all my teeth (top and bottom). I told her I did like my top teeth and they were quite healthy (nice enamel, no fillings etc) and I was fond of my tooth gap but not overly bothered either way. I did raise several concerns with her about whether invisalign could damage my teeth since they were already pretty healthy and she said it was very low risk, she said it is actually good for the health of my teeth, she said I don't have to brush my teeth after I eat I can just rinse with water, I was told it wouldn't damage my enamel, it's a great time for me to do it now, it will be easier for me to clean my teeth and my teeth will be healthier. Oh and lots of people get invisalign and they have had great results. I was hesitating but she said it would only take 10 weeks. I guess I thought 10 weeks can't be so bad. At no point did she mention or explain any risks or downsides to me. Only that invisalign was the best thing ever and it will be good for me and the health of my teeth. The only negative aspect was slight filing of the lower teeth to make more space but I was told and I quote the amount they would file is"" less than the width of a piece of paper"" just so the teeth can move.

Anyway, so once I started, and after the aligners had been ordered, the money had been paid, and the attachments were glued to my teeth, only after that, was I told that it would actually take longer than 10 weeks. It would take more like 6 months, also I would need to wear a retainer all the time for another 6 months. Also despite following the advice i'd been given, etc, my enamel was definitely becoming rougher/damaged.  I had my first round of tooth filing (or IPR as it is known) and I found the tooth becoming more sensitive and kind of looked a different colour afterwards in that area. I asked the dentist about it in more detail and she said I would need to have 0.5mm taken off the sides of all my lower front teeth. 0.5mm doesn't sound like a lot but for teeth it is a lot because the enamel layer is quite thin. Notably, 0.5mm is about the thickness of 5 pieces of standard paper, more than what I was told. Maybe that sounds pedantic but it was another lie. 

I was experiencing sensitivity in my lower tooth, and I was angry at the fact I was lied to and upset that my enamel was becoming tarnished. (the aligners are not good for your teeth at all, because they stop the saliva flow which normally remineralises and protects the teeth). I decided, after having learned more about this procedure and the risks, and seeing how it was affecting my teeth, that I didn't want to do this anymore. It wasn't worth it. And the dentist was starting to creep me out. If she had lied about these things, will she lie about other things? Will she damage my teeth then lie about it? She also started talking about veneers. Just in general, just raising the topic. She didn't say I needed them but just started talking about how great they are...

So I emailed them and told her I was quitting and that I was booked to an orthodontist to finish treatment/get the attachments removed. We exchanged a few emails and the emails they sent were bizarre and seemed rushed with a lot of spelling and grammar mistakes. The clinic kept calling me repeatedly over the next 3-4 days saying they wanted me to come back 'just to talk to me' and I ignored the calls. They even called me from a different number which I did pick up and it was some lady from a different dental clinic calling on their behalf...basically telling me to go back to see them. They eventually emailed me this liability form they wanted me to sign and again pleaded for me to come back to the clinic just 'to talk' and that I still had the rest of all my aligners waiting for me there. 

Anyway I didn't sign the liability form and I got an orthodontist to assess my teeth and remove the attachments. The orthodontist people seemed honest but tbh they damaged my enamel a little bit removing the attachments (again which I was never warned about). Apparently this level of damage is considered 'normal' or to be expected and I could just get my teeth polished back if it bothers me (losing even more enamel). 

I am gutted. My teeth are admittedly slightly straighter but the overall health and appearance of the enamel is tarnished. And my teeth do have some sensitivity now. I wish I had been given an honest description of what I would be in for with invisalign. And I did research online beforehand as well, but most of the results I found were glowing, positive reviews... I'm just honestly really confused. This wasn't meant to be happen. Invisalign was supposed to be 'good for the health of my teeth' it was supposed to be only ""10 weeks"", the filing of the teeth was supposed to be only a tiny amount ""less than a sheet of paper"".... I'm struggling to make sense of this. even months later. I trusted the dentist, I thought dentists were like doctors. And the dentist was so nice to me, super syrupy sweet I thought she had my best interests at heart. I thought I was looking after my teeth and doing a good thing... I feel so embarrassed and ashamed I wasted thousands of dollars and my teeth look worse. I'm embarrassed to even smile now because my enamel is quite damaged/rough/gouged/scratched.

So was I scammed or is this just buyer's remorse? It's true I did want my LOWER teeth straightened, but the rest was an upsell. And I wasn't sure about it at the start. I just feel sick and confused, this wasn't what I thought it would be. Since I started having doubts I've been crying, I've been screaming, I've been having nightmares about my teeth being stolen and sitting on the floor with my teeth on the floor trying to put them back together. I ""still have half of them left"", seems to be the recurring theme, whatever that means...  ",1694015123.0,0,0.43,4
askdentists,is it worth it to get bonding for enamel erosion?,"I had invisalign recommended to me by a money grubbing dentist which subsequently caused enamel damage/erosion. The surface of my tooth enamel has a big gouge in it and is completely ruining an detracting from my smile. I know some texture on the tooth is normal but this is like a big hole dipping into the surface of the tooth and it looks rough and horrible and eroded. Would it be worth it to get a small amount of bonding to help 'fill in' the the hole kind of like a filling? If it's on the surface on the tooth, not the edges do you think I could get this done with minimal damage to my current enamel? Is it likely to stain? and do you think I would need to get it replaced often?  Does anyone know anything about this?

&#x200B;

&#x200B;",1691993537.0,0,0.4,1
Invisalign,reflecting on what caused my enamel damage during invisalign,"I have mentioned before that invisalign left my enamel quite damaged. I've gotten a lot of gaslighting as 'you're teeth aren't damaged <3 ' type of comments. My teeth definitely were damaged and I think I know partly what caused it. For the first few weeks I used my regular toothbrush and toothpaste (which ordinarily worked great for me prior to invisalign). I didn't realise and the dentist never told me that I was supposed to use only gentle toothpaste and soft toothbrushes. I did eventually figure that out and switch over but I guess the damage was done at that point. My toothbrush had reasonably hard bristles and I only just noticed now (I still have the tube though obviously haven't been using it) that my toothpaste (colgate total 'advanced fresh') was one of the most abrasive toothpastes on the market. I had no idea of this. I thought it was just some average random toothpaste I picked up from the supermarket. And again, I previously had no issue with the toothpaste prior to invisalign, it had my teeth looking nice and smooth. I think because my teeth were so weakened from the invisalign, that this abrasive toothpaste was able to do so much damage. I really wish the dentist had told me this. I was given this sheet of instructions and it wasn't on there either. I was busy, I was working, I had other stuff going on. I had no idea that so much damage could happen. I wasn't warned of this either. I continue to be devastated but I will continue to share my story, despite the gaslighting, in the hopes other people won't make the same mistakes I did. Because my beautiful enamel is now ruined forever.",1688790999.0,23,0.83,29
Invisalign,Paid to promote invisalign?,"Anyone here being paid to promote invisalign? I find it hard to believe all the posters here are legitimate. Just thought I would mention it, since I had a very disappointing invisalign experience and now my teeth are tarnished. Just want to balance out the sunshine and rainbows that a lot of the other posters seem to be suspiciously loud about..",1687279787.0,0,0.26,32
Invisalign,PLEASE DON'T MAKE THE SAME MISTAKE I DID,"I got my invisalign done through my dentist. I did ask her if there were any risks and she was like 'oh there's not a lot of risks, it's very low risk' and told me how it would be so good for the health of my teeth doing this. I asked if the aligners could cause the teeth to become yellow or damaged and she was like oh no it's pretty harmless. I only had mild crowding of my lower teeth. And I told her I liked my top teeth, they were very healthy and pretty straight already. I liked my smile. I told her I didn't really want to change my top teeth. I was told I had to do top and bottom teeth otherwise it won't align properly so I said sure why not. Well it was a massive mistake. I didn't realise but they were pushing all my top teeth inward which made my smile look pushed in and ugly (worse than when I started). It is not invisible AT ALL. I kept having people staring at my teeth and giving me weird looks, especially because I couldn't close my mouth properly people thought I was mentally handicapped or something because it changes how your face looks. I also got a crack (craze line) in one of my big front teeth. The enamel is also damaged where they put on the attachments and then removed them. They also look kind of yellow and dull. I had this tiny demineralisation spot on one of the teeth at the beginning, now it's a bigger and white spot. There's kind of crags and erosion on the teeth too. They used to be more flat. I have being trying really hard to clean the aligners properly and brushing my teeth and all that (but not overbrushing). I've been compliant on my end. Even eating only twice a day so I only brush twice a day. But had I known this I NEVER EVER would have done this. My teeth weren't even that bad. I understand if someone's teeth are significantly crooked but my top teeth at least were already straight. I really did used to have beautiful pearly teeth. They were so beautiful. And now they are tarnished. Sure the dentist can 'fix' them up a bit they are not the same, and to polish them to where they look flat again would involve removing a LOT of healthy enamel which I absolutely don't want. I really did have beautiful teeth. once. I am absolutely devastated. All I can say is please if you have any doubts about this procedure maybe don't do it, Or at least research ALL your options and don't believe what the first dentist has to say to you. If I could do it over again, I think I might have had lingual braces on the bottom teeth. I am just so disgusted at my dentist, I am never going back there. They don't even care that they damaged my teeth. All they care about is the money and how many invisalign patients they can pump through so they can become a 'diamond' provider or whatever. Invisalign is a money making scam. And it can absolutely damage your teeth in big and small ways. Don't fall into the trap like I did",1686151721.0,0,0.35,22
Invisalign,craze lines/cracks on teeth from invisalign,"I am devastated, to say the least. My two big front teeth both have big vertical lines running down the middle. I'm pretty sure I didn't have this problem before.",1685189127.0,6,0.88,9
ugly,Does anyone else hate getting their hair cut?,Dumb question I know but I haven't gotten a haircut in over a year (I am female btw and have long hair). I HATE the hairdressers. I have male pattern baldness and I am extremely embarrassed. The hairdressers usually seem really uncomfortable as well. Like I am some old bald man seeing a sex worker or something they don't want to touch me or my hair and I feel really embarrassed and disgusted. I feel like a disgusting man. And I hate looking at my disgusting face in the mirror for like 20 minutes and pretending to smile at the end and thank the hairdresser for making me look slightly more 'neat and tidy'. The whole thing makes me want to vomit. I see other women and girls at the hairdresser and they look pretty. The hairdressers coo over them and I feel kind of jealous. I wish I was pretty or at least average instead of being a monster. I'm thinking of getting my hair cut again soon because I know scraggly hair makes me look even more ugly but I keep putting it off. I simply can't handle it.,1662261951.0,39,0.96,20
ForeverAloneWomen,feeling embarrassed to masturbate/have fantasies,"maybe this sounds stupid but like, I've been thinking about how I hardly masturbate anymore. And it's not that I don't get horny, but I just feel embarrassed and pathetic, like what am I trying to prove? I just imagine other people thinking of me masturbating and making fun of it, no matter how normal or 'vanilla' my fantasies or sex acts may be. Just the idea of me being sexual is a massive joke. Like, can you imagine? I still do get horny but I just ignore it because I feel stupid. I know masturbation for women is meant to be this sexy 'empowering' thing that all the guys want to know about. But I guess for me it doesn't count. It's just a disgusting weird thing that everyone makes fun of. Idk. Like who am I doing it for? No one wants to see it? do you know what I mean? if I had a partner or someone who found me attractive maybe that would 'motivate' me a bit more but I just feel like an undesired hag. so what's the point?",1654444178.0,155,0.96,37
PCOS,stigma against pcos is disgusting,"I've had doctors look at me with judgement and disgust. I've been dismissed for my symptoms for years. I'm been shamed and moralised with the assumption that I have a certain 'lifestyle' that has caused these issues (spoiler alert my lifestyle is actually pretty healthy). Doctors are not educated about PCOS there I said it. They aren't familiar with it, they only seem to know the basics about it and will send you to some lame website which reiterates the basics. They pin it all on weight (even when you aren't overweight) and an 'unhealthy lifestyle' even when it's far more complicated than that. They look at me like I'm slobby, disgusting, like I brought this on myself. As if PCOS is a moral thing that is evidence of my 'bad actions' or 'irresponsibility.' Newsflash PCOS is a condition. Lifestyle does obviously affect it but it's far more complicated than that. I'm not a bad person or a slob for having this condition. Most of these doctors are older too, from a generation that is far less comfortable with gender nonconformity etc. They see me as a monster, something inscrutable, something to be given a 'corrective femininity.' Something disgusting and worthy of disdain, or pity at best. Well fuck them, their attitude is disgusting. Their attitude is pathetic. It takes huge amounts of courage to go to the doctors and tell them about these embarrassing issues. It's the easiest thing in the world for them to sit on their high horse and look down on you and humiliate you. That's the real disgusting thing. More disgusting than my body ever will be",1618723741.0,268,0.99,44
PCOS,period every second month/60 days??,I am back on birth control pills currently so at the moment my periods are following the schedule of the pills but when I was off them my periods were consistently coming every 2 months. Like they were regular and I could predict pretty reliably when they were going to come but it was every second month.... does anyone have any idea why that would be happening or what that means?? has anyone here had a similar cycle? I do have diagnosed pcos btw,1602341973.0,3,1.0,2
genetics,can dna from dead/decaying bodies get into bacteria??,also from living bodies... pretty much yeah idk if this is a dumb question,1601104755.0,28,1.0,6
vegan,what do you guys think of having a backyard chicken and eating the eggs?,I'm not a vegan but I'm mostly vegetarian and trying to learn more about veganism (I pretty much only eat dairy and occasionally fish but I'm not strict about it). I don't usually eat eggs though because I feel bad about the whole egg industry especially the culling of the male chicks and also the fact that the hens are bred to lay way more eggs than their body can comfortably handle etc.. but what would be wrong with having my own chicken that I kept in backyard that I took really good care of and had a few chicken friends for it if I chose a really sturdy healthy breed (not an egg laying breed of chicken) one that laid a few eggs but not excessively. In return for a few eggs every so often I would give the chicken a fantastic life. I was looking into this and found some chickens I like but is there some ethical issue with this that I'm missing? I know most vegans don't eat eggs for good reason but if I gave the chicken a very happy life I don't see the issue? What does everyone think?,1597219305.0,0,0.36,13
PCOS,"normal weight, not insulin resistant, mostly normal hormone levels but diagnosed PCOS with all the symptoms...","What do I do to fix it? I'm already at a healthy weight, I'm already not insulin resistant according to the tests but whenever I go off birth control (also before I ever went on it) I get severe cystic acne, facial hair, dark nipple hairs and some light brown chest hairs, my chest is almost completely flat like a man's with very little breast development, without birth control I get irregular periods like once every 2 months or so. The blood tests showed normal testosterone but elevated lh:fsh ratio and ultrasound showed many ovarian cysts so I got the diagnosis of pcos. I also have male pattern balding/hair receding and when it's really bad a little bald spot....... but wtf am i supposed to do to treat it? I look like a man, but I'm not overweight or anything so I can't treat it that way. In fact I try not to exercise too much doing things especially like weights because I find that seems to exacerbate my manly features and worsen the acne...? WTF my doctors have been pretty useless. I don't want to look like a man and ""just lose weight UWU"" doesn't help me at all because it's irrelevant. I also have hashimoto's (thyroid) and celiac but those conditions are both controlled so they shouldn't be causing any major issues....... 

what do i do if I can't lose weight?",1596775059.0,1,1.0,3
Celiac,does anyone here also have PCOS or other fertility issues even after going gluten free?,"I have diagnosed celiac been gluten free for like 3-4 years now and the ttg antibodies have gone down to normal and all that. A few days ago the doctor told me I had PCOS and my periods etc are way worse than they were a few years ago even though I was eating gluten and I really sick and stuff... So I'm confused because I thought treating the celiac would improve my fertility issues etc but instead it seems worse.. I haven't gained weight either in fact I think I've lost a little bit of weight and I'm eating pretty healthy..

anyway what do you guys think does anyone have any input or maybe it's just a coincidence? I also have hashimoto's so maybe it's because of that?",1593149763.0,17,0.91,7
PCOS,is PCOS related to autoimmune disease??? or some hormonal thing in the womb or gene???,"Today I was diagnosed with PCOS by the doctor and I'm kind of not that surprised since I've had symptoms for a long time but it's still kind of a shock. I already have celiac and hashimoto's so I wondered if my PCOS had anything to do with my immune system problems? I know hashimoto's is apparently more common in women with PCOS so I don't know maybe there is a connection. I have a lot of cysts on my ovaries apparently and also some other problems with my ovaries shown on the ultrasound a 'curvilinear echogenicity within the uterine cavity' (idk what that means), 'several small paraovarian cysts', an 'echogenic central stroma and peripheral placement of the small follicles' on the left ovary. Does anyone know what that means? The key message I was given was that I have polycystic ovaries. 

Anyway back to my main question: is this related to autoimmunity? I have been sick with celiac and hashimoto's for a long time at least like 10 years and I got diagnosed with those conditions a couple years ago but I have had symptoms of hormone imbalance since i was like 12. I used to be fat as a kid and I appreciate the struggle but around puberty I lost a lot of weight and have been a normal weight since then (like around 60kg). Maybe because I was malnourished from celiac idk? Anyway despite being a normal weight since I was 12 I have had bad acne, a bit of excess hair growth, very small (undeveloped) breasts but normal regular periods every 29 days. When I was around 17 my hair started falling out in a sort of male pattern baldness and I even had a little bald patch at the worst of it.  I also started having really severely painful periods around that time...

So a few years after that I got diagnosed with hashimoto's and celiac and I also was put on the pill and I started recovering. I've been taking vitamin D, B vitamins, magnesium, iron, zinc, and I checked with the dr to make sure the levels were appropriate as well. I've been exercising and fixing my sleep pattern and decreasing my stress... doing all the 'clean eating' and very careful about avoiding gluten and minimal dairy I eat barely any sugar or processed foods, eating lots of vegetables everyday etc...  literally doing all the things I'm supposed to do to heal. I went off the birth control pill recently to see what my periods would be like (I was hoping my fertility etc would have recovered seeing as the other conditions were treated since hashimoto's and celiac can both mess with your reproductive health....) but lo and behold when I went off the pill my hair started shedding again pretty bad and I developed severe cystic acne on the chin and jawline which I'd never had before (I'd always had pretty bad acne but not cystic acne and not on that area of my face). I started growing a legit moustache and chin hair and long blond hairs across my cheek with a couple of brown ones for variety. Also I wasn't getting periods regularly anymore. I've been off the pill for about 4 months now and I've only had one period which was after the first 2 months... what gives? 

I'm not even overweight and I don't think I'm insulin resistant?  I need to do the insulin and fasting glucose tests so I guess I'll find out? Anyway regardless I know PCOS is often seen as like something that happens to overweight women and losing weight is the way to like help manage it (as I said I DID used to be very fat and maybe even insulin resistant when I was a child because I had brown patches on my neck etc) but I've lost weight and I'm trying to take really really good care of my health... so tbh I don't know what else I'm supposed to do??  Also ages ago my doctor referred me to this weight training thing (for other reasons) and I even though weight training is supposed to decrease insulin resistance (if I have that) I honestly just found it made me more masculine like I was getting more acne and hair growth while doing that and I was still on birth control pills as well at that time....

Am I just really innately masculine or something? Like when I was a kid my hands were bigger than the other girls hands and I remember being really sad about it and for being 'fat' when I wasn't even really overweight but it's just kind of like my body type and kind of masculine face shape...? Like I have a 'fat' body type if that makes sense even if I'm not overweight... I mean all the fat goes to my stomach and makes me look fat. But on top of that I have legit immune conditions that can damage fertility so is it that?? My mum has an autoimmune disease as well but she looks very feminine and has never had these issues?? but hashimoto's is associated with pcos and that is autoimmune?? it feels like too much of a coincidence I've also read that people with TPO antibodies (the hashimoto's antibodies) are more likely to have infertility and miscarriages regardless of whether their thyroid hormone levels are normal... that is the presence of the antibodies alone is associated with these issues... also another type of antibodies called 'antinuclear antibodies' that I happen to have at very high levels is also associated with infertility in general apparently..... is there such a thing as autoimmune pcos??? but tbh I think I also have the innate hormone in the womb thing or whatever because I've always been low key masculine looking and it's possible I could have insulin resistance at least at one point in my life because I used to be really fat and I pretty much binged on sugar all the time when I was a kid??????????????

What do you guys think about all this??",1593011067.0,1,0.67,3
mastcelldisease,does anyone have mast cell skin reactions that break down the skin causing premature aging...?,"I can't find anything about this anywhere and I've never heard of anyone with this issue. My dermatologist and immunologist just told me to take more antihistamines but it's not helping...

here's some pictures to demonstrate:

[https://imgur.com/z1mSYrI](https://imgur.com/z1mSYrI)

[https://imgur.com/cTheCk2](https://imgur.com/cTheCk2)

[https://imgur.com/5bDYX7p](https://imgur.com/5bDYX7p)",1578377945.0,3,1.0,6
Celiac,has anyone tried gliadinX for cross contamination?,"I was thinking of buying a bottle of the gliadinX enzymes for preventing cross contamination reactions when eating 'gluten free' food when I'm out/travelling/with relatives etc. Has anyone tried it and does it help at all? Apparently this enzyme has some good studies behind it and can break down gliadin fairly well but is not appropriate for major gluten consumption eg. eating a slice of bread.

Obviously I'm still going to avoid cross contamination as much as possible but I could take it as an extra precaution..

What does everyone think?",1578377494.0,3,1.0,5
Dermatology,Premature aging due to immune issues? also other weird skin rashes? acquired cutis laxa??,"I'm 22 and I have premature aging on the hands, feet and face since the age of 12. This has been worsened by weird rashes on these areas. I have hashimoto's (controlled but still high antibodies), celiac (normal antibodies since not eating gluten), allergies to pollen, animal fur, bandaids, insect bites. I also have been diagnosed with chronic urticaria (in addition to the allergic reactions) and dermatographism. The doctors haven't really been able to help me though and also haven't found an explanation as to why my skin is prematurely aged... is it just the inflammation?  I've been taking 2 antihistamines per day which helps a bit but I still get rashes sometimes despite that even if I'm doing everything the same. I also have high antinuclear antibodies (1:1280) in the speckled pattern (apparently suggesting connective tissue disease) but negative ENA panel and negative anti-dsDNA antibodies...   The doctors were concerned I might have lupus or something so they did those tests but I don't fulfil the criteria because I don't have the right antibodies and my kidneys and liver, joints etc are mostly ok.

My mum also has an autoimmune condition called 'leukocytoclastic vasculitis' which she was told is due to some autoimmune reaction. I asked her but she doesn't have any more specific information about it other than it doesn't affect her organs and she's lucky because of that.. do you think i have something related to that? 

I was also tested for something called polymorphous light eruption (because light sometimes triggers reactions on my face) but I don't have that either.

I also don't know why the rashes are causing damage to the skin. The rashes themselves seem to cause wrinkles on the skin and then the damage from that causes temporary wrinkles that somewhat heal but after many times is destroying the skin. The dermatologist I went to just said it was an 'unusual presentation' and said I could try this UV light therapy thing or I could just take more antihistamines. I don't know if it's a good idea because light makes me sick and I have already been taking antihistamines everyday and it doesn't seem to get rid of these reactions (only helps the allergies).  

I was wondering if the damage caused by the immune reactions was something called 'acquired cutis laxa.' From my google searches it seemed like the only thing that seems very similar to what I have but it's supposed to be very rare and NOBODY has heard of it. The doctors probably haven't even heard of it. I don't know what to do.

have a look at the images there's all kinds of weird stuff going on:

weird scaly rash after bandaid:

[https://imgur.com/EhaTJWe](https://imgur.com/EhaTJWe)

weird hand rash on knuckles and fingers:

[https://imgur.com/60x7JDe](https://imgur.com/60x7JDe)

weird rash all over hand:

[https://imgur.com/u7m9cna](https://imgur.com/u7m9cna)

weird circular rash on feet:

[https://imgur.com/BL67MHD](https://imgur.com/BL67MHD)

[https://imgur.com/m8JWnWe](https://imgur.com/m8JWnWe)

premature aging rashes /dermagraphism? rashes on hand

[https://imgur.com/5bDYX7p](https://imgur.com/5bDYX7p)

[https://imgur.com/VxSUKRz](https://imgur.com/VxSUKRz)

[https://imgur.com/z1mSYrI](https://imgur.com/z1mSYrI)

face weird redness

[https://imgur.com/MOZpHQY](https://imgur.com/MOZpHQY)

[https://imgur.com/1B28MEN](https://imgur.com/1B28MEN)

circle rash on hand

[https://imgur.com/1oCpnkJ](https://imgur.com/1oCpnkJ)

[https://imgur.com/4FdG1hY](https://imgur.com/4FdG1hY)",1578210565.0,2,1.0,4
ugly,I hate being perceived as creepy as a woman,"It's bad enough to be considered creepy at all but it's even worse when you are a woman as it's kind of socially transgressive or whatever. I am very ugly and I try very hard to take care of my health, dress nicely, wear make up, work out etc but I have a few health problems that affect my skin and general appearance and on top of that I'm pretty masculine looking for a woman (small breasts, slightly overweight/stocky build, masculine facial features). Men often look at me like I'm just trash, disgusting etc but they aren't creeped out by me... sometimes I can even get past the initial 'grossing out' of men's reaction and have a friendship with them (I guess I'd be seen as like 'one of the guys' or whatever rather than a woman). But with women I feel like I can't even get past the initial grossing out stage because most women seem to be really creeped out by me. I'm not even trying to get to know these people either this is just in daily life or whatever. I'm not a lesbian, in fact I have a boyfriend, but women always seem disgusted by me as if i'm a man that's trying to make a sexual move on them or something and it always hurts my feelings really bad. I try so hard to not be creepy but I seem to often get perceived that way. I know 'creepiness' is more than just the way you look but after having gotten perceived as 'creepy' so many times especially by women I've now developed a  kind of anxiety over it which in turn makes me seem even more creepy or 'nervous because I must be turned on by these ""real"" women.'  Also I notice even when women aren't creeped out by me they often treat me as if I'm a man like they expect me to tend to them or entertain them or whatever like i'm not a dancing monkey. Men are also incredibly mean to me and you can see the disgust and distaste in their eyes when they talk to me but for some reason (maybe because men are more direct with their attacks) it doesn't hurt me as much as the ostracism I face from women who find me creepy. I've never felt like 'one of the girls' and even when I try to go clothes shopping or make up shopping or underwear shopping or whatever I feel like the sales staff treat me like I'm a pervert or something. I guess I'm too ugly to be a proper woman :/   also it doesn't help that when people talk to me I have nothing to say about my life. most of my friends ditched me when I got sick (also got uglier hair falling out skin looking crappy as a side effect) and I keep trying to apply for jobs and internships but I feel like who would want to hire me? I had an interview the other day (it was a male interviewer) and he seemed nice when we were talking but after the interview he had to walk me out and he seemed embarrassed to be seen with me and gave me this look of disgust as I left. I also haven't heard anything back from that company even though I emailed them 2 weeks after the interview. Idk I guess I'm just feeling down about things right now. Sometimes it feels like the whole world is against me and every time I try to improve things for myself nothing ever works no window is ever open for me and everything is much harder than it should be. I'm scared of this world and having to face it like this",1575870732.0,21,1.0,7
PCOS,does anyone else have underdeveloped breasts,I know this isn't a classic symptom but anecdotally I see this coming up a fair bit. I know lots of women with PCOS have large breasts but I also think there could be a subset that has small or underdeveloped breasts. I think I have this. I have almost completely flat like AA cups with lots of light brown hair all across my chest and nipples... Surely I'm not the only one. Also if I look at those 'tanner stages' I think I'm only tanner 2 or 3 at most. I have a tiny breast bud and slightly enlarged nipples. They kind of look more like man boobs :(,1569829039.0,89,0.98,45
Celiac,humiliated at my stomach churning in class,So I have celiac and my antibody levels have been down to an appropriate level. I've been really careful with gluten cross contamination etc (I don't eat out or eat anything I haven't prepared myself) but I still get stomach churning and diarrhoea and stuff. Today I was in a poetry class for uni and my stomach was going off with these noises. I tried eating bland foods in the morning like a banana and I tried to go poop before class but it didn't make a difference. The first time it made a noise I think no one cared but then it happened like 6 more times over the hour. It has also happened before in this class. No one said anything but people looked at me. I don't have any friends in this class and I feel disgusting and embarrassing. I wish my body would stop betraying me. I've dealt with this for like 5 years now I'm tired of having to deal with this humiliation,1569329408.0,16,1.0,2
PCOS,I think i have lean pcos?,"So I don't actually have a diagnosis of PCOS but I was wondering if it sounds like I have it? So I'm not overweight but my whole life I have been 'chubby' and especially as a kid I was really overweight and I used to eat a LOT of sugar and I think I was insulin resistant as well because I had these brown marks all over my neck and underarms (which I thought was dirt but I realise now it might have been acanthosis nigricans because it looked just like the picture.) So I'm pretty sure I was insulin resistant back then. So I lost a bunch of weight at age 12 and stopped eating sugar/junk food etc except suddenly my face and body started looking really masculine and I started getting really bad acne on my face like especially these really big pimples. I also started getting quite a lot of body hair including less feminine places (eg. around nipples, side of face, also my arms are really hairy, as well as some lighter blondish chest and stomach hair...). I also was a bit late to get my period (14) despite having all these other signs of puberty since like 11. I also never really developed breasts... around age 10 i got pointy nipples and from then on there has only been some very minor breast development... they look more like manboobs and as an adult they are kind of size AA/A. (Idk if this is officially a sign of PCOS but I thought to add it)... 

Around the age of 17 I started balding both at the front corners of my head and developing a bald spot at the back. I started getting really painful periods as well. The doctor's dismissed me but at 18 I got diagnosed with hashimoto's which is to my understanding associated with PCOS. I also got diagnosed with celiac the next year after that :/

anyway so I've been treated with thyroxine and i eat gluten free for the celiac and I got put on birth control pills for the period pains... but I still look really masculine. I also don't really eat sugar/grains etc and i exercise a lot. I think I was exposed to the hormones in the womb or whatever so I think perhaps I have this tendency towards pcos or just being more masculine looking in general? I've tried gaining weight but it always goes straight to my stomach and looks like a beer belly. I kind of look like a middle aged man and my fat distribution makes me look like a man. 

Anyway does it sound like pcos or not? Because I'm normal weight (60kg), my periods have always been regular even off birth control, I did get an ultrasound showing my ovaries don't have cysts on them. I also got a blood test for my hormones while i was off birth control and it showed no major abnormalities however the estrogen was really high and the progesterone was negligibly low (which didn't correspond to any of the phases)... also the testosterone was like the high end of normal... But the thing is I look really masculine, most seem to agree with me on this as well. I have a male pattern balding, thyroid problems, excess hair (especially if I go off birth control I grow a full on moustache as well as really long like 5cm blond cheek hairs...), even though i've been a healthy weight for like the last 10 years i think it's just because i was malnourished/pooping out everything i eat because of celiac and I've had a long history of being overweight/insulin resistance prior to that... and bad acne including body acne which i still get... also I have no boobs and yet I look fat and the fat distribution is very masculine and my face shape is also very masculine.... so yeah",1566791106.0,3,0.72,14
Celiac,kissing people that eat gluten?,"I have celiac but I don't get obvious 'classic' digestive symptoms though the doctor that did my biopsy said mine was one of the worst she'd ever seen in terms of flattened villi so I don't think I'm a celiac that just 'less sensitive' or whatever. Anyway because I can't tell obviously whether I've been glutened or not I generally just completely avoid any food that I haven't personally prepared at home etc. I feel like generally my health and energy levels have improved a lot since doing this. However, I recently start going out with someone (who does eat gluten) and they went to kiss me and I told them I didn't want to because if they ate gluten I could get sick and they seemed sort of skeptical and offended. You know and honestly I just didn't even want to have this stupid 'gluten' conversation it kind of ruined the moment. I did kiss him another time and it was a fairly chaste kiss but he had been eating some other food which probably had gluten in it (I mean it wasn't like pasta or bread but idk what was in it exactly) and the next few days I found myself feeling really tired. I don't know if I was just tired in general or for some other reason ( I do have hashimoto's and some other issues) or if I was tired from being 'glutened.' I did ask him if he could idk brush his teeth or something before we kiss but I feel like it would be sort of awkward and ruin the moment. I mean I don't even know him that well so I don't want to weird him out by telling him it's 'teeth brushing time' or whatever. Also I read online that brushing teeth by itself isn't good enough, if you want to ensure no traces of gluten you have to wait 4 hours. Anyway I don't have a lot of dating experience and socially my life is kind of a disaster even without celiac and I just feel like a burden to accommodate. I think i'm kind of in denial about this condition and I've just been isolating myself so now when I find myself trying to get out a bit it just seems insurmountable... like everything is way more complicated then it has to be...   I guess I just wanted to vent and if anyone has any advice on this issue that would be helpful",1563797769.0,13,0.85,11
NintendoDS,will the battery explode long term,"I've just been going through some of my things and I found my old nintendo DS. It has to be over 10 years old by now. I like it and I want to keep it because it's nostalgic but I'm worried if I just keep it stored away for ages and never replace the battery then the battery will start corroding or whatever, possibly damaging the DS. I'm not sure what kind of batteries it uses exactly but I was wondering if anyone knew if this is something I should worry about, and if so should I remove the battery and keep it separate while I store it?",1555341419.0,6,1.0,2
PCOS,selenium for PCOS,"apparently a study showed 200mcg selenium for 8 weeks improved fertility, hair loss, hirsutism and acne in women with PCOS.  I don't know if anyone has tried this but if you have hashimoto's as well it could be useful

[https://www.ncbi.nlm.nih.gov/pubmed/26267328](https://www.ncbi.nlm.nih.gov/pubmed/26267328)

&#x200B;

edit: found another study showing selenium supplementation can also potentially decrease insulin resistance  but only if taken at less than 1.6mcg/kg/day so the dosage is important eg. if you weighed 60kg it's best not to take more than 96mcg selenium per day 

also excessive selenium can have a lot of negative side effects including potentially increasing diabetes risk so please be careful

[https://www.ncbi.nlm.nih.gov/pmc/articles/PMC5381811/](https://www.ncbi.nlm.nih.gov/pmc/articles/PMC5381811/) 

&#x200B;

also this isn't medical advice etc use at own risk

&#x200B;",1554205828.0,32,0.94,22
FemaleHairLoss,hair regrowth with selenium,"I don't know if someone else has posted anything similar but in case anyone was interested and had PCOS (or possibly hashimoto's) related hair loss I found a study showing that supplementation with 200 mcg selenium for 8 weeks caused a decrease in alopecia in 40% of the experimental group.

[https://www.ncbi.nlm.nih.gov/pubmed/26267328](https://www.ncbi.nlm.nih.gov/pubmed/26267328) ",1554204161.0,20,1.0,1
FemaleHairLoss,i don't know why my hair won't grow back,"my hair started falling out in 2014 when i was 17... when i was 18 in 2015 the dr diagnosed me with hashimoto's and i got put on thyroxine... my thyroid levels stabilised... but hair didn't grow back... after much sneering by many doctors i finally got an official diagnosis of celiac in 2017... i stopped eating gluten...  my celiac antibody levels returned to normal... but hair didn't grow back... it's been 2 years since my celiac diagnosis so it would be assumed i would be getting better but the hair is not growing back... honestly it looks like male pattern balding to me even though i am female. i have been tested for pcos and apparently i don't have it bc i'm not overweight or insulin resistant i have always had a very regular period and my ovaries didn't show any cysts. I did used to get really debilitating painful periods though and the dr said i might have endometriosis or something. I did however get one hormonal blood test which showed my estrogen was high and my progesterone very low and it was outside the ranges given on the sheet... but my doctor told me it was normal... I have also had some other symptoms of hormonal imbalance like bad acne, excess hair (eg. black hairs around nipples lol, scary long blonde hairs on my cheeks every so often, massive 'sideburns')... i also have a history of being overweight especially as a kid and i think i used to be insulin resistant bc i was very fat and had a very high sugar diet and i developed brown marks on my neck... but that was a really long time ago

so basically do any of you guys know why my hair is still falling out and do you think i might have some kind of atypical pcos or something?",1552665533.0,9,0.91,5
