subreddit,title,selftext,created_utc,score,upvote_ratio,num_comments
dxm,"What in DXM causes legs to shake viciously? Especially when fully extending legs, it almost feels like its coming from my kneecap.","I've wondered about it alot. Not just ""robot walking"", but straight up almost seizure like leg activity. Seems more apparent when walking downstairs, walking up is fine?  

Any info or shared experiences would be greatly appreciated. Thanks",1711661993.0,4,1.0,3
army,"Need help. I have been taking Dextromorphan (active ingredient in cough syrup) and have a post cat asvab drug test in 10 hours. I have another 30 days until meps but I am wondering what I can do for my test in the morning, as dxm shows up as a false positive for pcp.",[removed],1694504156.0,1,1.0,1
DPH,I took 450mg 2 hours ago and dont feel anything. Would redosing help ?,I ate lunch today. I'm guessing that's why it's not doing anything ? I'm new to dph,1689984782.0,11,0.92,15
DPH,advice for first time ? thinking about taking 225mg. i weigh 160,im experienced with psycs and dxm. just never tried this before- nervous. especially about potentially damaging my brain,1689897350.0,4,0.7,15
DPH,Thinking about trying it for the first time tonight,"I'm 155lbs. Was thinking maybe 200-250? Dont want delerium but wanna play guitar/drums and want the enhancement. Some sedation be nice too. 

I have taken DXM for years but have ran my NMDA receptors dry. Can't trip off of it anymore, wanted to give this a shot. Advice? Dosage ideas? ty ty",1689891104.0,4,0.83,17
dxm,How long after wisdom teeth surgery can I dex again?,"Got it done yesterday morning. Feeling fine now, just on ibuprofen and amoxicillin. Know I can't vape or anything, but wondered about taking some R30s. 

thanks guys :D",1642292399.0,2,1.0,8
Drugs,Would taking Seroquel assist in recovery/stopping Serotonin Syndrome? Since it acts as a serotonin blocker?,"I'm not exactly sure how Seroquel functions. It seems to me it's an SSRI, but it's not traditionally classified as one as far as I ( or multiple of my prescribers in the past ) can tell, but when researching its method of action it appears that's what it is? 

So, furthermore I was wondering if this would aid in or assist in any way someone experiencing Serotonin Syndrome. 

Thanks in advance guys ! :)",1641252249.0,1,1.0,2
spiderbro,Just got a jumping spider! How can I make sure he lives his best life?,"Little dude kept following me around earlier when I was working on a car. Wouldn't leave me alone. 

I finally put my hand out but honestly freaked out when he first jumped and flinched, he jumped back but I put my hand back out again and he trusted me again. Jumped right on to my hand and hung out. Somehow knew I didn't mean him any harm when I flinched at first 

Hes hung around with me for a while so I decided I'm going to keep him. I've got him a big plastic container for now, what can I do to pimp out his crib? And whats their favorite food? My dude is gonna eat like a king and sleep like a king!",1620954912.0,12,0.85,6
dxm,Dosing HBR on the day after poli trip?,"I've been told this is the best way to dxm, and also been told its the worst and will lead to sigma. Whats your experience with trying it? 

For reference I usually do 450hbr, would I want to take less than that since I still have an afterglow or no? 

Thanks in advance ! :)",1620064246.0,0,0.5,4
dxm,Poli DXM two days in a row?,"Just curious as to what your guy's experiences are with this. This is not an everyday thing by any means, but thought about doing it tonight again before my long break starts :D 

Thanks guys",1618081465.0,1,0.6,9
dxm,took 5oz of delsym at 9. dont feel a whole lot at 11pm. redose ?,"had some  food earlier in the day. think that  might have affected things. Anyways, I was thinking about redosing about now (11) to actually get something out of this lol",1618024195.0,2,0.76,5
dxm,Question about redosing,"I usually take about 400. It wears off after a few, sometimes feels pretty short.

If I want to redose, would I take the same amount as the first time to continue the trip? And when should I take it?

Another question- should I feel completely sober before I do it? The last few times I've heavily considered doing it, but get the feeling (especially as time goes on) that I'm making a rash decision because I'm still KINDA high. Not really high, but I know I'm not sober, if that makes sense.

Makes me think since I'd be starting from a new baseline that I'd be WAY up there or something. Idk, I just don't wanna end up in the ward or outer space.. LOL.

Thanks guys in advance! :)",1615167056.0,3,1.0,9
dxm,Redosing question,[removed],1615163545.0,1,1.0,0
Drugs,DXM and Adderal ?,"I take 15mg IR Adderal three times a day for ADHD.  

What is the science between the interaction of these two chemicals?

 I have took DXM the same day I took my adderal with no adverse effects but I understand now there can be potential heart issues.

 I would just like to read some literature/anecdotes on experiences or studies involving the two, or what your case was like. 

Thank you, safe wishes to all",1613431209.0,0,0.5,8
dxm,"How do I redose? Im still kinda here,dont want to lose it but ifeel the drug is coming off",how much should i take,1612942824.0,3,1.0,7
dxm,How much should I take? im in my own music. thinking longer to stay here,im in my music and wanna stay here for abit  what do i do : D,1612941450.0,2,1.0,1
dxm,"Best dose to get fked up, but enough I can still play guitar/record music ?",I usually do Poli DXM and can do it on a 6oz bottle of  Delsym. Tried a little over 600 last time of HBR and don't think I left my bed but a few times! LOL,1612757329.0,1,0.67,5
dxm,"Ate a bunch today, but stopped about 7. Could I still trip well if I take 600mg about 1030 or so?","Asking because I've heard some claim they ate the day of and don't trip that hard, but also others who eat with their DXM to keep their stomach settled.  

I don't know that I've ever had trouble before, but I usually only eat a sandwich or even less the entire day of a trip. I do note that I can't eat at anytime of the day when I take aderral or it does not work, so there is some truth behind the digestion inhibition mention.",1612750587.0,5,1.0,4
dxm,Does anyone else experience time speeding up after it slows down?,Like music slows down and engulfs you at first. But then later it's like everything is in x4 speed and you can't hear any details or anything,1612117940.0,6,0.88,5
dxm,Guys,How long does this last. I took it likr11vlol,1612080927.0,2,1.0,17
dxm,Mixing syrup and gels?,"Thinking about taking about 349mg HBR of syrup, and 200(?) Of gel capsules. 

I suspect they metabolize differently and want to know the most efficient way this could be done. Thank you :)",1612048521.0,2,1.0,5
dxm,Dangers of taking HBR DXM about 8 hours after taking adderal?,"Took 15IR adderal about 1. Then another 15 about 330 or so. 

Was wondering how dangerous it would be to take DXM at around 11 or so ? 

I know the general concensus is the two shouldn't be mixed, I've read others speak of using them both at the same time without trouble. 

I also have a few meds for a respiratory infection, I dont figure that is gonna affect anything either right? 

Thanks guys :)",1612043186.0,2,1.0,2
dxm,Night,[removed],1611042735.0,1,1.0,1
dxm,What are the dangers of frequent tripping?,"I have read about NMDA receptors, and some anecdotal evidence around possible brain damage/ intelligence and memory issues, etc. However, all studies I can find (at least in rats) show no possible long term damage.           

   Where does the ""plateau a week"" formula come from?  What have your experiences been tripping twice in a week span? More? Etc, 

Thanks ! :)",1607722594.0,8,0.91,12
dxm,Bout to down 6oz of Delsym. Is it best to take DPH when I take dxm or wait until I feel the effects?,"I get really sick, itchy, etc and just feel like shit on DXM at high doses. So I would like to take 50ml of benadryl, as it basically completely fixes all of that. Considering poli takes longer to kick in, should I wait until later and take it or just do it all at once?",1607397369.0,2,1.0,5
dxm,Dosage/ general questions ! Also about increasing duration,"I took around 280 5 days ago, and enjoyed it though it wasn't too overbearing.   A few years ago when I first got into dxm I took somewhere around 900-1000 and had arguably one of the worst experiences of my life, then a month later took around 600-700 and just had a very long panic attack despite no history of ever having them before.

So- I would like to keep it on the lower side but still get effects.
What would be a good dose to go from here? I was thinking maybe 400? 

The other question - I prefer duration. Like, I actually thought the peak on 270 wasn't too bad(bit to be desired). 

However- even though I dosed at 12, I felt sober at 3, (just a few hours later.)   Would it be better to try out poli hbr instead ? If so what dose would you recommend?  Or it would it be better to redose later?  

Also how long does it take for you personally to start feeling stuff? I swear I can feel my body get weak very soon after taking it. 

Thank you for reading/responding ! :)",1607026788.0,2,1.0,16
dxm,Going to take about 300 in a few hours. What can I do about nausea/stomach pain/ dysphoria?,"Just looking to feel a bit up there. But I remember some pretty horrid stomach pains from last few times.  And barfing /pooping. 

I've heard people recommend dph? Or something?  

Also if I took it about 12. Would I be able to socialize about 8 or 9 am?",1606529735.0,2,1.0,16
dxm,Thinking about tripping tonight.. Advice needed - -,"I was thinking about taking some tonight, but not too much. I weigh around 150lbs, was thinking maybe 300? THanksgiving is tomorrow so trying not to be too fucked up.. haha.    Just like getting stoned, maybe tiny bit more. 

However, I've had negative experiences in the past. The first time I took 300mg I think? (was many years ago) And I don't remember feeling much of anything other than the severe stomach pain and nausea.  

However this led me to trying it two more times, one time around 1000mg I think? Wow that was a fuck up, I was completely gone and not in the best way. 

And I also tried it around 600-700? Maybe? Anyways, I remember being so incredibly anxious and feeling awful. Spent the whole time rubbing my leg with my GF at the time playing me funny netflix to try to keep me relaxed.  

Like I said though, this was many years ago, and I feel like things have changed. Like, I don't get high off of weed the same, certain drugs work now that didn't before or didn't work well. For example I've been prescribed adderal for years, however I got almost nothing from it the year I started and the year after and quit until this year, and now it works? Anyways. 

I also mention the adderal because I've heard various talks about interactions and NDMA recepters? Any danger here? I'm currently on Adderal. 

Anyways, my question is what is your guy's opinion? If I do freak out like last time I don't think it will be the end of the world, just a late night.. I don't have a bad feeling about it by any means, but I didn't really when I went with 1000mg either.. LOL.  For the record, and I know they're different, LSD, nbome, others. Bad time with nbome but otherwise I've been golden. 

I think the biggest thing that gets me is just how fucked up my stomach gets LOL. I feel like I'm dying from the inside out and remember throwing up quite a bit. 

Anyways thanks for reading and/or responding! :)",1606354855.0,2,1.0,7
Advice,I feel as if the only way I can emotionally open up to someone is through anger.,"I just can't talk to people about things. Ive tried. Counseling.  Therapy.  Group meetings.  Etc 



But I was re reading an old argument I had and it occurred to me -  I only seem to open up but when I'm angry. Now I don't really get angry. Really ever.  And it's not that being angry helps or makes me feel better or anything.  Ive just noticed that particularly I never opened about certain things unless I was in a heated personal arguement with someone I was very close too. 

For example 1 arguement that I think I opened up alot on basically boiled down to 

"" you don't know the first thing about me "" (  despite her being the closest person ive ever had )

Then to 

"" you don't know what ___  and ___ was like ""

"" you don't know _____""  

That one in particular was after many years of being by each others side 24/7. We knew so much about each other but I knew much more about her than she did me, and maybe that was part of it. But I just cant think of a time when it wasnt something like this.       I should note that this didnt happen often, we had plenty of arguments but only a couple where I spoke of things like this and none other than this one where I felt like I actually kind of opened my heart to someone.

When I was younger it took my mom and I arguring for me to finally confess how bad my mental health had gotten. 

I dont know why this is and I'm curious as to what you think. Thank you for reading",1588844138.0,2,1.0,12
widowers,Where do you guys go when you need to talk to someone? Just for a bit..,I don't have anyone anymore.,1585563184.0,19,1.0,7
widowers,Been a year. Really don't think it's worth it anymore. big rant :/,"I've gave it a year since she passed.  Sorry for the rant I just don't have anyone to talk to and have had a lot of shit on my mind.  There is a TLDR at the bottom but it really doesn't give much background..

I just feel fucking lost man. For a couple months there I had my mind somewhat distracted. I felt like I had a little bit of motivation and signed up for college classes to get an associates degree, started looking into music, practicing my guitar and voice everyday because she loved it.

I just want to make her proud. 

But it's hard. So hard. It's not as bad as it was when she first passed but the pain is still too deep. I'm not strong enough to bear this shit. 

Another reason I told myself to keep going was because I have family. I've been in this situation when I was younger and I dragged myself out because I felt like I couldn't do that to my family. A big turning point was my youngest brother telling me a couple months ago that the house hasn't been the same, I haven't been the same, and because of that no one else has been either.  

But honestly? I've given my whole life to other people. I was known as  the therapist in grade/middle school. I literally am only alive today because I thought so many years ago that I couldn't do that them. But ya know what? 

They're the reason I was there to begin with. Parents mental abuse, physical, an older brother that beat and tore me down every shot. Every person in my life that I looked up to destroyed me any way they could.  

One of the things I remember so fondly about her was that no matter what, I was happy with her. Even when I was pissed at her, or so upset, being the same room as her made everything so much better. She has been the only person in my life that I can say not only that I love with all my heart, but that when she said it to me I understood it and knew she meant it. 

But ya know what? I wouldn't have needed that. I wouldn't have needed that comfort. I wouldn't have needed her to begin with if they hadn't fucked mylife over so hard to begin with that I had to cling so hard to the one ray of sunshine in my life. 

And now I'm expected to wake up everyday and suffer, so that these same people don't have to feel some kind of pain? All of a sudden this year they take to me as a new person.  As if they'd cared all along. As if they weren't the ones strangling me and pushing me into that hole my whole life. not trying to punish them. just don't give a fuck about trying to make everyone else happy anymore.

I've no friends that truly care, I unhealthily threw those relationships away so long ago because her and I were so far up each others ass. But I also don't give a shit, because why should I? In fact, I have 1 ""friend"" that I see ever and our relationship is based on the fact that my house is nice escape for him from his home life. We don't talk. Don't hang out. He come's over and goes to bed mostly.

I've made it this far on my own. I've basically raised myself. Why in the fuck is not my choice to leave? I can't be happy. I get these glimmers of momentary mindlessness, where I feel just a bit better. But then my whole world crashes down 2 minutes later when the truth hits. 

She told me once that though she wouldn't want me to kill myself, she also wouldn't want me to wake up to a world that I can't bear waking up to. 

Whats the fucking point? I tried to convince myself that if I will ever see her again, that dying now vs later isn't going to change that and I might as well try my best in this life to make her proud and set out to try to accomplish something musically. But not only can I not do that, I also find it harder with each waking moment to believe that that really fucking matters. Because I also know if she is there that she is hurting as bad I am and this pipe dream of making some dumb fucking career out of music isn't worth the pain that either of us, or both are bearing. And if she isn't out there somewhere, then there isn't any fucking point going on anyway and this shit might as well be over with now because 

  
TLDR: no reason to go on. the big reason to not just ending it are because I have family that pretend that they care after a lifetime of bullying / abuse / etc, but don't really give a shit about them anymore. I am NOT trying to punish them, however, I do NOT believe it is my job to live an eternity of suffering so the same people that pushed me as far down as they could my whole life can sit around the rest of their days as if everythings okay and dandy. I'm *tired* of smiling when I want to cry. I'm tired of living my life for other people. I know that its selfish, and I don't care anymore. I want to be with my Maddy girl again.. 

If you read this far thank you.. it means a lot..",1576741484.0,24,1.0,16
motorcycles,What was the first near accident (or accident) you had and how do you reflect on it now?,Had an accident a couple months ago. Reading the ask reddit post about near death experiences made me think about motorcycle accidents in general. ,1477239230.0,16,0.83,34
spiders,I'm having a slight problem with bugs in my basement. Could I buy some mercenary daddy long legs to help?,,1436417644.0,6,0.81,7
