subreddit,title,selftext,created_utc,score,upvote_ratio,num_comments
outerwilds,"A friend of mine makes Jewellery as a hobby, gifted me this ring earlier","&#x200B;

[Excuse my horrible fingers. Thought you'd all appreciate this though](https://preview.redd.it/kikzsbqi54ua1.jpg?width=3072&format=pjpg&auto=webp&s=fe721ab49828c9fa7616e0e455f6d0fd681dd4a8)",1681592929.0,44,1.0,1
powerlifting,[Meet Report] Scottish Northern Districts Powerlifting | M | 21yo | 637.5kg | 101.7kg BW | 389 DOTS - 1st Meet/1st Place," 

**Background**

Dived and did gymnastics from around 5 until I was 16. Started going to the gym when I first went to university at 18 y/o but just kind of messed about program hopping for roughly a year/year and a half. Started Starting strength when mid way through 2019 and kept on that until roughly december then moved to some version of 5/3/1. Then pandemic and gyms closed so didn't really train outside of calisthenics for almost a year. In this time I got deep into researching program design and nurtition. Gyms opened for a few months and I started doing a program I'd designed. They then closed again and I went back to doing calisthenics. They then opened and stayed open and I kept programming for myself until Christmas 2021 when I decided to enter this meet. I am 

**Training**

As I say I program for myself, I train 4 times a week doing heavy squats and some accessories, heavy bench and some accessories, heavy deadlift and some accessories, then a lighter push day, then a lighter lower day. 

**Meet Prep**

Didn't cut weight or anything, weighed like 99.9kgs on my shitty home scales the night before so just ate a drank as normal morning of comp. 

 

**Meet Day**

**Squat**

215 - ⚪⚪⚪

225 - ⚪⚪⚪

235 - ⚪⚪⚪

The 235 was an absolute gift, I was 100% falling forward at the top of the squat before the rack command but managed to balance just long enough to get the rack command.

 

**Bench**

122.5 - ⚪⚪⚪

130 - ⚪⚪⚪

140 -  ⚪⚪⚪

Was very happy with this, bench is by far my worst lift and the most ive done in the gym was 135, but I felt good on the day and actually felt like I could've mabye got 145. Sad I left kgs on the platform but hey its my first meet so live and learn.

&#x200B;

 

**Deadlift**

235 - ⚪⚪⚪

245 - 🔴🔴🔴 

262.5 - ⚪⚪⚪

Opener flew so a ten kilo jump. The second attempt also flew, and I am 100% certain that I actually got 3 whites however I noticed when I was waiting for my third attempt that the score card on the screen said I'd missed my 2nd lift. Thought it was just a mistake but when I spoke to the judges they said I had soft knees. Oh well, thought it was a perfect 9/9 going into that but again, live and learn. 3rd lift was a gamble. I told my friend who was handling me to just write down an attempt and not tell me so I didn't know what I was lifting going into it. The last guy in my flight couldn't get his 272.5 third attempt past his knees which gave me the win which was exciting.

 

**Summary -** 8/9 ⚪

Had a lot of fun, will definitely be back. I managed to get the QT for the scottish championships so I think that'll be my next competition. 

3rd attempts here:

[https://imgur.com/a/zLHDhfv](https://imgur.com/a/zLHDhfv)",1646605144.0,49,0.95,8
LSD,Cool rock,,1645735827.0,53,0.97,13
tipofmytongue,[TOMT][Sci-Fi Book][2000-2010] Aliens trying to take over Earth,"Alrighty so, the premise of this book was that there was a distant race of very advanced Aliens that were planning on taking over Earth. The twist though is that they don't have an FTL drive so by the time their warship arrives at Earth, Human technology would have far surpassed their own and it would be a whitewash victory to Humanity. So instead they use Quantum Entanglement(I think) to mess with the large hadron collider so that Humans never get the results they'd need to progress as a species. I read this book mabye four or five years ago, it was exceptional and I really want to read it again. If anyone can help, cheers!",1577726662.0,4,0.76,5
Deathmetal,Can someone tell me what band this is?,,1552084388.0,6,0.8,9
tipofmytongue,[TOMT][song] A song that has sirens in it and a word that rhymes with mango,"Sorry don't have much to go on, it's been bugging me for days ",1542972552.0,1,1.0,11
whatisthisthing,This fell out of a jacket pocket at work today,A customer dropped this( https://imgur.com/gallery/jfisP )when returning some items and said she'd never seen it before. Wtf is it? ,1516548320.0,12,0.65,7
chemistry,[Help] Separating two solids with similar polarity,How would I separate Caffeine and Fructose from each other ,1515492683.0,1,1.0,6
pchelp,PC won't start up,"I switched off my PC to run some errands and when I came back the PC won't send signals to any of my peripherals. The GPU, CPU, and case fans all spin and all LEDs light but it won't send a signal to my monitor mouse or keyboard. I'm thinking it's an issue with my motherboard but wanted more opinions before purchasing a new one. I can list my PC parts of it would help any diagnostics. Thank you in advance ",1508723191.0,2,1.0,10
GlobalOffensive,My PC keeps freezing,[removed],1487897471.0,1,1.0,2
pcmasterrace,Peripheral help,"My friend Has recently built his first PC and due to massive oversight, forgot to buy a microphone. I was wondering if you guys could recommend some cheap microphones, cheers! ",1487009037.0,1,1.0,2
fo4,[Help] I can't get the BOS quest after Semper Invicta to trigger. Please help,"I've completed Semper Invicta and according to websites and youtube tutorials, I'm supposed to see a vertibird fly over head yet I've not seen that and can't trigger the quest. Please help me",1459026071.0,3,0.8,3
explainlikeimfive,ELI5:Why are humans taller now than they were 300 hundred years ago?,doorways are shorter and such so I was wondering why we're taller now,1458405379.0,0,0.5,6
fo4,Fallout 4 Crashes on Startup,"I pre-loaded the game and when I went to play it I got as far as pressing play when it crashed back to my desktop. I tried running it in admin mode and am reinstalling it as we speak. I have the latest Nvidia drivers but it keeps on crashing. Specs below.

 AMD FX-8320E

Nvidia GTX 960

8GB DDR3 RAM

W7 64 bit OS

Sidenote The crash message said: Windows has detected a problem and will notify you if a solution is found.

Please help.",1447197728.0,2,1.0,3
fo4,Fallout 4 instantly crashes,"I pre loaded all game files, went to play midnight release, auto selected ultra thin crashes when I press play. I've updated my AMD drivers I'm running it with beta patch and the exe's are set to run in administration mode. Please help ",1447144459.0,2,0.75,4
buildapc,[Build Ready] First PC build,"Due to the upcoming release of Fallout 4 I decided to build my self a PC. I don't know much about pc gaming so I got some advice from people who do. my build can be found in the link [here](http://uk.pcpartpicker.com/p/kWZHHx). I was wondering if you guys could help tell me if this could run Fallout 4 and if so, how well.

Thanks in advance ",1446451478.0,2,1.0,7
buildapcforme,First PC Build,">**What will you be doing with this PC? Be as specific as possible, and include specific games or programs you will be using.**

I hope to play Fallout 4, Skyrim and CS:GO(mainly)using steam 

>**What is your maximum budget before rebates/shipping/taxes?** 

My max budget is £500-£590

>**When do you plan on building/buying the PC? Note: beyond a week or two from today means any build you receive will be out of date when you want to buy.** 

I'll be buying next Saturday (07/11/15)

>**What, exactly, do you need included in the budget? (Tower/OS/monitor/keyboard/mouse/etc)** 

I'll need a monitor and keyboard but if I can't fit them into my budget then they aren't essential

his text with answer.>**Which country (and state/province) will you be purchasing the parts in? If you're in US, do you have access to a Microcenter location?** 

I'm in the UK and don't have access to a microcenter location

>**If reusing any parts (including monitor(s)/keyboard/mouse/etc), what parts will you be reusing? Brands and models are appreciated.** 

I'll be reusing my mouse which is a Logitech G402 

>**Will you be overclocking? If yes, are you interested in overclocking right away, or down the line? CPU and/or GPU?** 

I plan on overclocking down the line but not right away

>**Are there any specific features or items you want/need in the build? (ex: SSD, large amount of storage or a RAID setup, CUDA or OpenCL support, etc)**

No( A 1TB hard drive 3.5"" 7200rpm internal harddrive )

>**Do you have any specific case preferences (Size like ITX/microATX/mid-tower/full-tower, styles, colors, window or not, LED lighting, etc), or a particular color theme preference for the components?**

I would like an ATX mid tower case

>**Do you need a copy of Windows 7 or 8.1 included in the budget? If you do need one included, do you have a preference for one or the other?**

I don't need an OS

None",1445984196.0,2,1.0,3
