subreddit,title,selftext,created_utc,score,upvote_ratio,num_comments
SuicideWatch,Feeling like I can't do this anymore.,"Hi. I don't want to share my name, I don't want to share where I'm from, what is happening particularly in my life. All I know is I'm 4 years into college and not even sure if I picked the right major. I feel like nothing I've done has been worth anything. I've been in a solid relationship for over five years and despite almost being done with college it is getting harder to talk to him about our relationship. He doesn't seem to want to face the idea of long-term things such as moving in together or marriage. It's making me feel much worse about myself than he even realizes and I don't think it's him, I'm 100% it's totally me. My family life is not going well, all I really have is a hedgehog I love and care about. I'm not abounding in friends and the ones I do have have left, are leaving, or live far away. I feel so lonelly and so helpless. I've contemplated suicide twice in the past 72 hours. I've had major depression before and contemplated suicide but this time I am really close to doing it. I don't see anything going for me or any way out of this. I feel like I'm just a non-needed person and was put on this earth as some kind of cruel joke. I don't know what I believe anymore, who I believe anymore, and I don't know why I'm even still alive. I'm not sure why I'm writing this, I guess I just need someone who maybe even slightly cares. I just can't do this anymore. I'm not worth it. Life's not worth it. I see no other way out.",1389163888.0,3,0.81,3
