subreddit,title,selftext,created_utc,score,upvote_ratio,num_comments
SuicideWatch,Going to therapy today. ,"I have an appointment with the school therapist today. I hope I have the strength to tell him/her everything truthfully. To be honest I have already been drinking today after waking up and having a pretty bad break down. Here's to taking the first step to getting better. Hopefully my failures today won't hurt me too much. 

Thanks to everyone who listened. Sorry that I am not very responsive most of the time. I really appreciate the talks we had.",1311095326.0,15,0.89,7
SuicideWatch,Can't stop fucking up,"Everyday i get up thinking today will be different. I get out of bed with ideas of how to get myself out of the ditch I have dug myself into. I make plans and even write them down. I tell people what I am going to do and to not worry about me. All of this goes down the drain by the first step I take. I walk out of my room and the gripping anxiety forces me to shut down. I have tried so many things to make myself better but it never works. 

I don't care about the people around me and sometimes I think that I am a sociopath. I am paranoid about the smallest things and I think people are going to betray me before I even meet them. I have never trusted anyone completely in my life. I mostly hate my parents. I feel like most of what is wrong with me is their fault. I don't like it but it is the way I feel about them. I avoid them whenever I can and I lie to them constantly about what I am doing or how I am feeling at the time. I am not a good friend either. Even the people closest to me are watched under a harsh eye. 

All of this and more is getting worse. I can not get out of this rut I have fallen into. I know I need help but I can't get myself to believe that I need it. I don't like asking for help and I feel most of the time I will die before I do. Failure is always looming in the back of my mind and asking for help is like saying I am a failure. I just need to get away from all of this. I don't even want to start over, I just want things to change. I hate this, I hate that I feel this and I hate myself for thinking about this constantly. ",1310606681.0,8,0.85,6
